7.190176390098196180e+01 5.410358082134006930e-01 1.061635163202059584e-01 5.048291489782599228e-01 -5.076585657122367756e-01
7.544369392423296006e+01 5.705424344379247392e-01 8.650180716398434000e-02 5.548702750733069955e-01 -5.221975950138223466e-01
7.545510655791892418e+01 5.706318298447594639e-01 8.650180716398434000e-02 5.548702750733069955e-01 -6.151918465490506804e-01
7.819615551798506203e+01 5.911600796786413703e-01 9.233512802175443401e-02 -1.286976234872771352e+00 1.276622790820098885e+00
7.825056133161049843e+01 5.915425074919763437e-01 9.233512802175443401e-02 -1.286976234872771352e+00 1.320415529965764279e+00
7.614630303444276649e+01 5.753049156940831521e-01 8.902862512294118513e-02 -2.384661637197255768e+00 2.375386885145450933e+00
7.701931450243338872e+01 5.819053692661129151e-01 9.110056942601785224e-02 2.047069738025659724e+00 -2.043026526208046700e+00
7.830375303920808960e+01 5.912328519728453635e-01 1.026209662981178716e-01 -1.215942794256941406e+00 1.235583297728392482e+00
7.572754459736970034e+01 5.713529760487486842e-01 9.440017161730188122e-02 2.494382232731510829e+00 -2.547409207451288182e+00
7.830831507504338163e+01 5.905172683642611053e-01 6.940522306250943019e-02 1.325524723440318464e+00 -1.318501974696740353e+00
7.849245213423570533e+01 5.913439315667458063e-01 1.012360117743286020e-01 -2.977055216277634919e+00 2.961289416654469431e+00
7.386733542679775155e+01 5.550773702483716709e-01 8.276894143702051565e-02 2.800791028964931151e+00 -2.833770493127862000e+00
7.431165773553182419e+01 5.581203012233361127e-01 9.860173642714693820e-02 8.993117070721496908e-01 -8.856900315184185191e-01
7.541202323987484135e+01 5.669414650124703359e-01 9.361435057479747246e-02 9.984590788535878669e-01 -9.999491870993186815e-01
7.627323145874731836e+01 5.735755914551126100e-01 8.168645473466645823e-02 -5.646552724001819845e-01 5.974615144189936444e-01
7.549640314157659304e+01 5.672184859525538636e-01 7.791732571718688882e-02 9.988790917956417159e-01 -9.468492219169978297e-01
7.620295234932684991e+01 5.727860717952931724e-01 8.762859618608846712e-02 -7.084756586305441806e-01 6.507865991126254857e-01
7.461987115928171477e+01 5.588460460811313091e-01 9.935913464914709892e-02 2.524241529828640918e+00 -2.490283306659126339e+00
7.648109133476374666e+01 5.736802267588848592e-01 8.728018385670913148e-02 2.912670777286943125e+00 -2.973628740394460124e+00
7.499007434447094056e+01 5.613479649908985625e-01 8.641878847941830699e-02 -1.195167544676574822e+00 1.203201695889172251e+00
7.635070355637867578e+01 5.720153139202287518e-01 9.112435015551688389e-02 -2.297146752241284950e+00 2.269798130075779241e+00
7.887748932011123770e+01 5.906964166042576458e-01 7.228662590548162736e-02 2.944319064308709155e+00 -3.005514039049974606e+00
7.553179770386512359e+01 5.651192742659260082e-01 7.436316299552846176e-02 -7.325420495605394766e-01 7.182956321988365200e-01
7.709171364587123776e+01 5.773528272326514665e-01 8.180728253989806575e-02 5.159322854224999144e-01 -5.374434061202635338e-01
7.829711803144186888e+01 5.854126894526248126e-01 7.949216412681878174e-02 1.517083058608467150e+00 -1.523754862535366517e+00
7.742194035477223224e+01 5.787733745715826217e-01 9.196022839860229503e-02 3.780269810893113758e-01 -3.256783791311887444e-01
7.744710809591765610e+01 5.781881081209706563e-01 7.980059730468035128e-02 1.000467939065434964e+00 -9.520892917093117802e-01
7.924856311745210746e+01 5.912456735199410618e-01 7.704029364946646252e-02 1.167609796958618995e+00 -1.219816049697674432e+00
7.515057679969510218e+01 5.597059257906547014e-01 7.239178005542476479e-02 -2.617751841843133143e+00 2.578909932483724354e+00
7.747511410190642778e+01 5.780026557423290079e-01 1.026977638104501489e-01 -7.419307237063688110e-01 7.608228216565094959e-01
7.836839574951059717e+01 5.845025429467796130e-01 1.012813611603008146e-01 -2.860862492156835302e+00 2.838392093956205731e+00
7.493784457141036626e+01 5.577207465645115381e-01 7.756758376839217872e-02 2.847143303916332968e+00 -2.819461568363072601e+00
7.743185496150481129e+01 5.771095918740549724e-01 8.250558271708617608e-02 -9.055562464784361679e-03 6.848997327724065665e-03
7.818522889963553268e+01 5.824031727935592428e-01 7.809453715412262298e-02 -1.557588938226170727e+00 1.551299670738585768e+00
7.508751372814900549e+01 5.576567222667336843e-01 1.060600031967078583e-01 -1.079916016686023328e+00 1.056544587429787185e+00
7.772049776052547543e+01 5.783651291061755462e-01 9.716238864494330940e-02 -2.583547812984530623e+00 2.551916119402576122e+00
7.521461019723099639e+01 5.581047957847840024e-01 9.003700273360640272e-02 -2.859252759264873323e+00 2.831695783449990067e+00
7.611154622388245627e+01 5.649407876066159240e-01 7.858472198118603147e-02 3.019810934288932547e+00 -3.034282877100519915e+00
7.642828755234292260e+01 5.674246645555039992e-01 9.436439826136494569e-02 1.579015520589595711e+00 -1.587645767045405831e+00
7.959704594662933630e+01 5.908733041540157327e-01 7.397512900872363351e-02 -6.103011953146666446e-01 5.634234496277931159e-01
7.818107984651597064e+01 5.801972330516174114e-01 1.044960829562290305e-01 -2.919855062792381606e+00 2.975228219479521208e+00
7.385635206305258293e+01 5.451823879931942951e-01 8.845224267184799427e-02 -2.175035010545201875e+00 2.119963455226766769e+00
7.660594584332899615e+01 5.679504757340136933e-01 6.928742788500141803e-02 2.890922792589250001e+00 -2.845503067095234595e+00
7.504150727773485130e+01 5.551563910938873692e-01 9.157947907212629635e-02 2.390992268028176770e+00 -2.382511917579283711e+00
8.071127659436207580e+01 5.978397358733400502e-01 9.002967041756969324e-02 4.021691344119099898e-01 -3.990404560556773395e-01
7.646415610085391279e+01 5.652245905677646398e-01 8.397984462912605474e-02 1.849326650249207615e+00 -1.862226957831322416e+00
7.672506186591947142e+01 5.669790770976204097e-01 8.486218084513530435e-02 5.182860886899974817e-01 -4.908592105322511223e-01
7.687125934966914542e+01 5.679358397392659796e-01 8.008801506856910724e-02 2.108538985462429682e+00 -2.135092236937277566e+00
7.558844140550718294e+01 5.571066610134676189e-01 9.012805687824740342e-02 -2.606441265504578997e+00 2.660162247719636497e+00
7.665026989122496559e+01 5.650846354755036938e-01 1.047544237401296652e-01 -1.925929669357860918e+00 1.899138944884906532e+00
7.760081958044102635e+01 5.722333363447501542e-01 1.007621489551505656e-01 -7.709488616651972992e-02 1.343097351232337977e-01
7.623084203807712811e+01 5.601667661844943469e-01 1.014786518015910882e-01 -2.847555337651329399e+00 2.812497051350729471e+00
7.654142740397257683e+01 5.626109193199471115e-01 9.689980531532031705e-02 -2.568799272148497015e-01 2.946463753505256244e-01
7.475755349353782719e+01 5.477758886807304606e-01 1.009015615355215723e-01 -1.168341150791357252e+00 1.178948542669287392e+00
7.836724083968032062e+01 5.766335584590547292e-01 8.973167132130362156e-02 1.288124661561727224e+00 -1.231528471219708099e+00
7.752826899307794406e+01 5.701477413451677689e-01 8.010883687644160256e-02 2.819298171502373496e+00 -2.871067644941464714e+00
7.733951114571611640e+01 5.683354097645380021e-01 8.143694451949334834e-02 2.731050309088163264e+00 -2.790648274270201235e+00
7.734605857368177340e+01 5.683858252485454177e-01 8.143694451949334834e-02 2.731050309088163264e+00 -2.691021458439657454e+00
7.733309388267780093e+01 5.680885626492494511e-01 1.033705625793710225e-01 -2.612253747918178437e-01 3.028184304868702381e-01
7.646526168564145109e+01 5.610892563595361038e-01 9.440121923215478994e-02 2.188367990874758640e+00 -2.181449518189344960e+00
7.541809429438997370e+01 5.523940652144212482e-01 8.455550250368926157e-02 1.130390165534098434e+00 -1.143471669394271917e+00
8.065939439890648543e+01 5.922756198079678347e-01 8.386574498225016217e-02 -2.195318144749658806e+00 2.136553172532803302e+00
7.823659048116114434e+01 5.745993717736771478e-01 7.746628209273505317e-02 1.479758239606407955e+00 -1.433904086539375289e+00
7.506828207531479791e+01 5.486236644658772921e-01 8.538624709983252958e-02 -8.062910086267777166e-01 7.838413989588052244e-01
7.707417584493144602e+01 5.649343707971111739e-01 8.641257221093176510e-02 -1.136049247171309284e+00 1.155610488820416171e+00
8.151474696513581364e+01 5.974399922683002462e-01 7.131768094127083346e-02 2.199225452958323501e+00 -2.152906515359092943e+00
7.871160583632800467e+01 5.763463111391342597e-01 7.461332719701346816e-02 2.873996511960624556e+00 -2.861007806076631965e+00
7.650549894645092763e+01 5.588921110969928829e-01 8.149947291263291704e-02 -3.947228880150588370e-01 3.953912111786703765e-01
7.768264338419893988e+01 5.672344617168728620e-01 7.572785966883836817e-02 -2.348967070852844952e+00 2.405357495494344189e+00
7.790899347868756308e+01 5.685407887085425216e-01 7.234563998756241010e-02 -1.006561211669276590e+00 9.923726080692771845e-01
7.690787442020085507e+01 5.602985898784926810e-01 1.035526987866883519e-01 -1.031139462660515295e-02 -5.086572240712355919e-02
7.527287683801050377e+01 5.458587412451463283e-01 8.671484688253328077e-02 -2.317710966502668501e-01 1.945906174781493192e-01
7.703978361567203592e+01 5.596466478938482147e-01 8.244213512658871146e-02 1.422071083968758920e+00 -1.451178648424080286e+00
7.628773719585393565e+01 5.527572531414324253e-01 8.121630987568692617e-02 5.389464945286851494e-01 -4.989625197998496797e-01
7.807143893393943301e+01 5.667662104076491847e-01 8.564894581852014466e-02 -1.828152257398857339e+00 1.864413322208344326e+00
7.966163409382981797e+01 5.785795323135954904e-01 8.141712155005841056e-02 -2.489014863101592034e+00 2.506468079198466814e+00
7.767881632034364259e+01 5.630258785818200717e-01 9.617565366382418990e-02 4.685363615859202691e-01 -4.749251797026438071e-01
7.909204866621603003e+01 5.738253662622948559e-01 9.115437625876586514e-02 -1.493354687549041104e+00 1.518805345310810129e+00
7.831932806043879225e+01 5.675804596847116024e-01 9.902293733678252385e-02 6.873196924089408633e-01 -7.080700994097557377e-01
7.936758299237972381e+01 5.752943287611104184e-01 9.280725806284334523e-02 2.655366721034051913e+00 -2.678701919944065146e+00
7.897889512800473710e+01 5.719249968105556414e-01 8.118404605402146368e-02 4.346167498341215185e-01 -4.185621480324648869e-01
7.840428419606075749e+01 5.669479452513385143e-01 1.022456140981071598e-01 2.542528585221645709e+00 -2.499221616056407136e+00
7.697240235509481465e+01 5.553688549053326096e-01 8.370506515722034302e-02 2.521623963502354737e+00 -2.539038856465707372e+00
7.696612646913598610e+01 5.553180837522128099e-01 8.370506515722034302e-02 2.521623963502354737e+00 -2.525189026166425155e+00
7.765787615910868169e+01 5.607606391827528736e-01 9.422749055096472925e-02 -1.823239603345563120e+00 1.847825087599010319e+00
7.913139030236924043e+01 5.719481745377873461e-01 1.042944848504751831e-01 1.722612686505737400e+00 -1.766477598630593837e+00
7.589006370247746247e+01 5.455799132445885435e-01 8.151008161448941580e-02 2.877715007352415810e+00 -2.894204506662463317e+00
7.969086346083460626e+01 5.756711529092826130e-01 7.471970158985719035e-02 -1.909577162658697036e+00 1.877881674088960340e+00
7.853664751014164835e+01 5.667345735462785417e-01 9.798056400694157841e-02 1.405781311494906483e+00 -1.399535307205710843e+00
7.722771981480786962e+01 5.557019250040522440e-01 8.576072605857576470e-02 4.894982378537773293e-01 -4.349684316725521693e-01
7.724592451265780824e+01 5.558484728914179218e-01 8.576072605857576470e-02 4.894982378537773293e-01 -4.399335545206489728e-01
8.021018410136733223e+01 5.782165188627454988e-01 9.623839508626788608e-02 2.928200769228726408e+00 -2.945365245489370398e+00
7.965015922749998367e+01 5.735282162245981530e-01 9.207891230225727364e-02 -2.121936384955820376e-01 2.288602927455561376e-01
7.884051384180904165e+01 5.672308138793578092e-01 7.914683714560319383e-02 -1.287246895261669133e+00 1.262427899255549990e+00
7.911606327246457226e+01 5.685714930515490817e-01 8.659575746081946135e-02 -1.632416185653110086e+00 1.681946415480404022e+00
8.009408685022390273e+01 5.756059959969537232e-01 7.152388120976403696e-02 1.443238400244886144e+00 -1.460261561290384869e+00
7.917550804830457878e+01 5.685163314376923127e-01 9.666103864435465765e-02 1.761146955832223471e+00 -1.699192016811327921e+00
7.738706902784235808e+01 5.535455053352379418e-01 1.023537026587365839e-01 -4.512749082940373246e-01 5.054352901551425470e-01
7.928010331383879361e+01 5.682080627016270480e-01 9.629065762419009022e-02 -8.302248234207445510e-01 8.765338309248742465e-01
7.572158928384963872e+01 5.391627399773051277e-01 9.647245555333076872e-02 1.711386432873673868e+00 -1.716965646775606258e+00
7.913886462181456238e+01 5.668292719195748841e-01 7.896219485173509856e-02 1.119227483906583442e+00 -1.100697135589680409e+00
7.710297046505408503e+01 5.502856735147731992e-01 9.049237471750967710e-02 1.978298852286816789e+00 -1.981141047986011650e+00
7.950519688699166920e+01 5.692448919570927135e-01 1.047238731657660349e-01 -9.168679925853322477e-01 9.055828822635937358e-01
8.281581783311018796e+01 5.924840190961762065e-01 6.899613055959402663e-02 2.012831298435314054e+00 -1.958830855930354886e+00
8.012745196827692951e+01 5.733130355459312710e-01 1.035185339504310770e-01 1.233256477317071775e+00 -1.239301324930668580e+00
7.670489100076677857e+01 5.454899437113984728e-01 9.651135063792576352e-02 2.319314384043555943e+00 -2.365470051708330690e+00
7.671706351682135505e+01 5.455920942495431358e-01 9.651135063792576352e-02 2.319314384043555943e+00 -2.379649608230691271e+00
7.795832548902477299e+01 5.555378951317901937e-01 1.026242466526988140e-01 3.095817328452605377e+00 -3.155542102856860431e+00
7.904140665903551621e+01 5.638799574940182024e-01 1.038478060765491429e-01 1.172112334440948561e-01 -6.983253854182303044e-02
7.951737990572149783e+01 5.673039019722022624e-01 1.035920156070763709e-01 2.640383986177239350e+00 -2.633867647180443861e+00
7.945897188298985725e+01 5.662337578985904285e-01 8.074389803767915985e-02 9.650968365628144197e-01 -9.466073191849844193e-01
8.074003288448935223e+01 5.756413954001462496e-01 8.463593239759190090e-02 -1.829472778864809301e+00 1.813229625438814496e+00
8.028329715806206934e+01 5.721283341518090815e-01 1.049513102047044122e-01 3.477070473097473302e-01 -3.472325037326856600e-01
7.678228394690292191e+01 5.443731552177031308e-01 7.007669795457908968e-02 -1.460689871537492954e-02 9.343958300211951951e-05
8.007015218424542979e+01 5.704179671310976030e-01 8.692431970122956042e-02 1.673872857775865475e+00 -1.689325563690021514e+00
7.760821494828047662e+01 5.509876479589603804e-01 8.948045135996096633e-02 -3.363172674055838612e-02 -2.618176228676449835e-02
8.078749846242733668e+01 5.754174008963910403e-01 8.267468412848898163e-02 1.008620534534237834e+00 -1.033282390903847547e+00
8.149011708109944152e+01 5.799710313963072350e-01 8.066390039081082486e-02 2.915662541888661252e+00 -2.882648503212361213e+00
7.864380513038597087e+01 5.583915148256399785e-01 6.993420473514495861e-02 6.503717977902240266e-01 -7.068855012201756827e-01
8.284094218476914762e+01 5.890069751761710659e-01 9.664877909335808925e-02 1.001976023440115160e+00 -1.052837335806274588e+00
7.749590347179953653e+01 5.485917512512995531e-01 8.165871849649027070e-02 3.014295202541509955e+00 -3.055941428565542850e+00
7.847771095234243433e+01 5.559173812251936297e-01 7.441532903967276735e-02 -3.932715033967337792e-01 4.263170077038159200e-01
8.005475548291308030e+01 5.678991436047370334e-01 7.843007441877411501e-02 -2.640397953098470030e-01 2.854248859123142967e-01
8.265544525629103134e+01 5.865736382119542958e-01 9.151183800272760793e-02 7.754003833514010458e-01 -7.466568447206448633e-01
7.908007539523467244e+01 5.584118317528548037e-01 9.798919914911743967e-02 6.326028428428246420e-01 -6.570824691830393638e-01
8.012163551150322860e+01 5.663215117646104302e-01 6.995449106761589264e-02 2.332602262848552321e+00 -2.345081463371107677e+00
8.064282125008323021e+01 5.700252161159751196e-01 8.548270092730717029e-02 2.757118841824498290e+00 -2.797869769198294776e+00
8.370930068810795888e+01 5.913411332428272216e-01 9.057153710492575616e-02 -1.242888340973031136e+00 1.283495293570505513e+00
8.247593275619547626e+01 5.825975988224039170e-01 9.738927522034909745e-02 -2.823535942729207715e+00 2.807986011452104247e+00
7.990559788348126347e+01 5.636608652585711754e-01 1.046810955027208251e-01 2.529720059012470768e-01 -2.143835910591561089e-01
7.670152239553176798e+01 5.375356695880122437e-01 1.006267498302484131e-01 1.978953607122326153e+00 -1.979120671449567936e+00
8.280689360425567713e+01 5.847282218984171109e-01 7.860768998137487862e-02 1.360577045624202785e-01 -1.615217637766225289e-01
8.114201081958537998e+01 5.726664595798792723e-01 9.477222762381806720e-02 -2.890582628847023994e+00 2.859118448827485448e+00
8.125933118674771549e+01 5.735130067293613410e-01 9.477222762381806720e-02 -2.890582628847023994e+00 2.931748961345493232e+00
8.301524187304083569e+01 5.854901784109881602e-01 6.905964567434612345e-02 1.870281485726245085e+00 -1.909930567568126847e+00
8.150060580076792860e+01 5.746991909232639362e-01 6.957965345422920111e-02 -1.101766194994982628e+00 1.078785603935165982e+00
8.222527918859074703e+01 5.796123742492358399e-01 8.503039682900867535e-02 8.557039816326001969e-01 -7.934371912253262993e-01
8.268464885426575961e+01 5.825540267155161489e-01 9.589654266892050360e-02 1.588617853429402926e-01 -2.066258539157541096e-01
8.045756475492956383e+01 5.662207948634188082e-01 7.558176793341828126e-02 1.166534883603720152e+00 -1.148856402570231694e+00
7.823316322157597824e+01 5.481766332010222786e-01 9.321021895788428324e-02 2.163764702187128020e+00 -2.119196749304342653e+00
7.826124273308272450e+01 5.484055042377075084e-01 9.321021895788428324e-02 2.163764702187128020e+00 -2.135521853548319804e+00
7.925411787712040734e+01 5.562095251802033902e-01 7.925463006341441907e-02 6.409086824711940356e-01 -6.067675978709563545e-01
8.111602492412323784e+01 5.701480789692905393e-01 9.645609222132218996e-02 1.249652549513257244e-01 -1.332265892607611690e-01
8.296896839081217934e+01 5.834119939612594230e-01 7.544030854151961840e-02 -1.208711317028785759e+00 1.262283575581268913e+00
8.074135532887365230e+01 5.671999561321718897e-01 9.634884738204882448e-02 7.695489390870793311e-01 -8.106265977001747558e-01
8.074690487853060006e+01 5.670836367760762053e-01 1.002215603528295029e-01 -1.635434348047506647e+00 1.574127140258896551e+00
8.432403296907230583e+01 5.923083211833309880e-01 8.863100378265807711e-02 -3.960355956179911208e-01 4.153307679189173207e-01
8.335943720389852274e+01 5.857342712315236621e-01 6.981120828344306029e-02 -2.080640227868468362e+00 2.047788686776641498e+00
8.114466463204782087e+01 5.697401088980714734e-01 8.782062148659235123e-02 2.262954193367284095e+00 -2.295521337750139779e+00
7.970816604883304990e+01 5.581023624209846545e-01 9.660755101740489681e-02 2.809043158374910476e+00 -2.787782525267340272e+00
8.112812638169131674e+01 5.688770640744872376e-01 1.057899471368940608e-01 -1.261376310816697321e+00 1.313635907009312209e+00
7.989916750667545386e+01 5.593991308958682351e-01 7.865917647823129910e-02 -2.882144921655530823e+00 2.870035762652201949e+00
8.108087950419482581e+01 5.680836656206350588e-01 7.001516891061250469e-02 -4.291381133430693939e-01 4.912980150542961555e-01
7.855123822648369014e+01 5.476965492075288600e-01 9.516594409229119089e-02 -1.453553829205993297e+00 1.455102994028064645e+00
8.062000835081951777e+01 5.639639457416368851e-01 9.974561983223100003e-02 1.195049703007247777e+00 -1.151031883461475225e+00
8.013564628053475758e+01 5.602306695334955400e-01 1.060281631585240913e-01 1.580588536738545269e+00 -1.608693220400812640e+00
8.074664837717469368e+01 5.646402429808599077e-01 7.384549549588177719e-02 -1.723242506838456700e+00 1.749189313259449596e+00
8.187460405965614996e+01 5.723331790075726344e-01 1.059530784700606215e-01 -1.226444134457625318e-01 1.743896382735619366e-01
8.155601473637402421e+01 5.699332498899716271e-01 6.913663873115634406e-02 -1.542055365679652512e+00 1.493529145692366500e+00
8.425890811317080420e+01 5.886772779331884697e-01 9.188793571752584821e-02 1.556566365806510088e+00 -1.507534903057005327e+00
8.277331627948953496e+01 5.783107671614425849e-01 9.219083250238825633e-02 2.434841549523772741e+00 -2.457130539238963518e+00
8.224888906307187142e+01 5.737277939658467218e-01 9.720056626776155118e-02 -2.152906666190180562e+00 2.150126589054301096e+00
7.862383007021458070e+01 5.455892153593243643e-01 8.447323224886253701e-02 -2.181330012768901927e+00 2.193788851323489109e+00
8.078289979700072365e+01 5.625174005484308015e-01 1.004618625556626815e-01 1.754971525528483456e+00 -1.698166534575875630e+00
8.144927840261750873e+01 5.669111849256156521e-01 9.104956176961367942e-02 -2.142897729988857414e+00 2.122051403360813548e+00
7.973628496577254055e+01 5.535805806122187089e-01 9.330181683846372476e-02 -2.898704516165132361e+00 2.953123446002249519e+00
8.531477155226782827e+01 5.933689175792953296e-01 1.016025115101858445e-01 2.882603862255002092e+00 -2.824179236437101448e+00
8.041243157797570973e+01 5.581798556371453390e-01 8.468559966850028320e-02 2.516921317589669638e+00 -2.527598896613080015e+00
8.434492446783204400e+01 5.862522940260668225e-01 7.181876163313509476e-02 -2.508268203144017328e+00 2.545239566874617942e+00
8.250495066833585156e+01 5.721055472293550270e-01 8.041220691548710275e-02 2.004179926755885077e+00 -2.041612580727722559e+00
8.224764282058487197e+01 5.699801432823100589e-01 1.005634584725556280e-01 1.626726035387610514e+00 -1.630896582218199997e+00
8.216205403490344850e+01 5.694172266327796050e-01 1.007956970504098049e-01 -2.435766839667182104e+00 2.387427014590309149e+00
8.110233913238896264e+01 5.611092646493969216e-01 7.578647085532511096e-02 -1.681210552627018240e+00 1.664536689456031171e+00
8.201493543083465454e+01 5.677987683365915972e-01 7.997566911033283932e-02 -8.805415323353965595e-01 9.134181213305827551e-01
7.854805306227429185e+01 5.404840226354743482e-01 7.833901846490186338e-02 -2.590121856300433567e+00 2.567419184266650944e+00
8.156783691863961394e+01 5.640278216911235321e-01 1.007876722831130972e-01 -2.444287403301433070e-01 2.683306176949125099e-01
7.947984661274821860e+01 5.473516492449633786e-01 7.440508098865528108e-02 2.291898955561080697e+00 -2.312681112841108888e+00
7.948747633663323597e+01 5.474130592719717026e-01 7.440508098865528108e-02 2.291898955561080697e+00 -2.297272166027367390e+00
8.200436804455901552e+01 5.668259933600958700e-01 7.344780444861193081e-02 8.016142824638352593e-01 -7.781857010928261431e-01
8.201030999365238472e+01 5.664235788913956071e-01 9.590651371267300274e-02 -1.552939403309477884e+00 1.539678383323334732e+00
7.953317014192136014e+01 5.471358598960937014e-01 8.520932364692859751e-02 -1.641526872697324224e+00 1.619604930725496494e+00
8.236620495353140825e+01 5.683438336463352281e-01 8.482991933448058575e-02 9.103126193393845655e-01 -9.020110830696365101e-01
8.237075880957902996e+01 5.683767590974163619e-01 8.482991933448058575e-02 9.103126193393845655e-01 -8.987032819051931076e-01
8.351412371529930567e+01 5.765475032239806286e-01 1.039714463160227587e-01 -3.098655933762128001e+00 3.098885890105365970e+00
8.278013849803282653e+01 5.708069102443648069e-01 8.877730199965931657e-02 1.334512833302088142e+00 -1.349715327577731827e+00
8.389148618148479386e+01 5.784695310608538588e-01 7.647906715644300912e-02 2.227919457699720773e-01 -2.438656629605934212e-01
8.384160723707397267e+01 5.781272831215290564e-01 7.647906715644300912e-02 2.227919457699720773e-01 -1.691076025829162388e-01
7.936154175997565119e+01 5.441629012127627840e-01 9.761511848917349410e-02 -1.426274861228347790e+00 1.418060542241658339e+00
7.938868407471684918e+01 5.443839783966455403e-01 9.761511848917349410e-02 -1.426274861228347790e+00 1.473405155944333300e+00
8.223017786495367432e+01 5.663539811946924907e-01 1.002572394183657567e-01 9.874137278125975081e-01 -1.042701256554216416e+00
8.361625036921890342e+01 5.760450412147100074e-01 6.860196234782281466e-02 5.192830922353249834e-01 -5.452194761544402191e-01
8.346616614404469203e+01 5.747856340629954319e-01 9.382685283187651437e-02 2.296525840755954118e+00 -2.335713771060672350e+00
8.194031702309888487e+01 5.636856179152878177e-01 9.268102721738628869e-02 2.251123285314032163e+00 -2.205748522604440431e+00
8.152556000073369091e+01 5.602129394935961848e-01 9.327838963299558972e-02 -9.553059467023568008e-01 1.002083276693864100e+00
8.223988039140398598e+01 5.652642058327990160e-01 7.447720306293681425e-02 1.568998120010376862e+00 -1.584476402511104887e+00
8.405852814627478153e+01 5.782892480356759402e-01 7.862968659505711888e-02 9.179160026929403804e-01 -9.555108067481599132e-01
8.561993301641308562e+01 5.888656640919783802e-01 6.921054892098953137e-02 -1.035986000638424942e+00 9.801727188774289612e-01
8.139789570964869370e+01 5.587992534992932692e-01 8.621041713073987478e-02 8.329954204319172106e-01 -8.187842466429171573e-01
8.435303366431075744e+01 5.796219113793519284e-01 1.010719698594193805e-01 -6.889632046019670275e-01 6.665109036416011490e-01
8.092313551486073209e+01 5.538288117366292340e-01 9.003290310247114014e-02 2.463400399608276725e+00 -2.517925614070143148e+00
8.265699755389148606e+01 5.668473511215308402e-01 9.405282291799925420e-02 1.082232292758937620e+00 -1.035030179369720305e+00
8.317496026370709217e+01 5.705587257990363259e-01 8.027031197528414208e-02 -2.547812833211928751e+00 2.506245947169009280e+00
8.393321950790975450e+01 5.757955632874127705e-01 8.612743536088916796e-02 -8.372672986538296502e-01 7.785180206159706406e-01
7.981418593892060187e+01 5.444409114469918043e-01 7.404039376583991527e-02 1.280697363697398172e+00 -1.299573787788996349e+00
8.307174076198359103e+01 5.689330666735260555e-01 8.863661601650303645e-02 -2.368022134736886830e+00 2.395300216886282474e+00
8.334878913738020856e+01 5.708468199382824571e-01 9.486233082012056339e-02 1.797303457473626187e+00 -1.736729859760862471e+00
8.234372855214310505e+01 5.626493906709595372e-01 1.028410493807291326e-01 -3.029713730025252794e+00 3.007497856493160704e+00
8.091713917121002453e+01 5.515070374207687864e-01 7.825348060926744231e-02 -2.345680217547364332e+00 2.404425639007896187e+00
8.091699491847319337e+01 5.515059127819054163e-01 7.825348060926744231e-02 -2.345680217547364332e+00 2.404944017397220080e+00
8.010983425490503862e+01 5.450201608761966465e-01 8.203718238907639626e-02 -3.009438162108682313e+00 2.950579484323317736e+00
8.142144232700310624e+01 5.544488771534025195e-01 8.863416953262565068e-02 -6.592146717027393965e-01 6.559507130689916643e-01
8.432696326453735480e+01 5.755507057598767684e-01 6.842331099586286547e-02 2.990043452976835603e+00 -2.945944848159555374e+00
8.331724785172049508e+01 5.682639917510210470e-01 8.633387012101503832e-02 -3.985957110748705734e-01 4.353314583364609192e-01
8.301413282308699593e+01 5.659875386630963678e-01 9.987591377970198026e-02 -2.646288519448706023e+00 2.623641629400912390e+00
8.260202246963076789e+01 5.628222757723644332e-01 7.360601568803366856e-02 -8.235617919623126060e-01 8.663420073558351087e-01
8.127581738478451712e+01 5.526234480044998065e-01 1.032857319148362818e-01 -1.159457049816555285e+00 1.108171579746856761e+00
8.062165836729603541e+01 5.471915956330821729e-01 9.617322099259173473e-02 8.132728515876612718e-01 -7.689918583421069265e-01
8.353754763470367095e+01 5.694104558497996571e-01 8.876023550281060548e-02 2.482106765485455391e+00 -2.543999584227752742e+00
8.132104973973061135e+01 5.525095468719333214e-01 9.315455696633864746e-02 -2.815882027642312657e+00 2.824726581082854349e+00
8.134939735488970314e+01 5.527285873512276515e-01 9.315455696633864746e-02 -2.815882027642312657e+00 2.786907782463065697e+00
