1.064005081355195443e+02 6.945468538437834516e-01 1.033125891000079150e-01 -1.596590699690161985e+00 1.556546519700028330e+00
9.716987301324645898e+01 6.579953549771573318e-01 8.887699773956050930e-02 -1.292961688375897866e+00 1.301727189998765466e+00
9.283467831385512170e+01 6.375943734774636162e-01 7.717178093187525290e-02 3.692302510173123276e-01 -3.187544034178575458e-01
9.541398389111355982e+01 6.499050888913331381e-01 8.662913982692589665e-02 2.206119057665712480e-01 -1.915066520283348339e-01
9.460187433294149173e+01 6.460397607421796140e-01 8.719121353813819031e-02 2.365234461794404552e+00 -2.313895294579009665e+00
9.710550471990102039e+01 6.571066393284504814e-01 1.025215185418350272e-01 1.158975448205165515e+00 -1.139539530394501288e+00
9.489359453966763169e+01 6.465953424502872693e-01 6.919063036322238569e-02 1.936899640136246381e+00 -1.921350808770933449e+00
9.998225616189229470e+01 6.688992535441172782e-01 9.991741539517015602e-02 -3.069968773703338982e+00 3.050891927107860280e+00
1.013664783486878633e+02 6.742748532335626210e-01 9.514574546031864810e-02 -6.601222402951087975e-01 6.416098482721765972e-01
1.014330400027897383e+02 6.741593036121236171e-01 9.866739213786715479e-02 1.356330211031757438e+00 -1.348062173242099204e+00
1.028241897904497932e+02 6.793659234314464168e-01 7.606307296679347407e-02 -1.601499846112441228e+00 1.629030131196349540e+00
1.020829165125104367e+02 6.763151554139854582e-01 9.142469107968081987e-02 -1.832685025007482205e+00 1.798078650676004475e+00
9.963843932261799807e+01 6.661328342911170264e-01 9.453352428522761308e-02 9.707331741183706786e-01 -9.366669175723330021e-01
1.017691421794653195e+02 6.745148485749542511e-01 8.838604686017227652e-02 -2.258534772692018855e+00 2.307380384604163392e+00
1.027027298814719956e+02 6.781527850926695189e-01 8.499453167906423356e-02 2.002569544179325089e-01 -2.492242120855294174e-01
9.820651359432541483e+01 6.596006802911867917e-01 1.008896667135941311e-01 1.634422808565061613e+00 -1.638047329342600333e+00
1.000364534105883791e+02 6.673452358532449002e-01 8.601404452559763270e-02 -1.133568366107871705e+00 1.108068708975973315e+00
1.034682740969628014e+02 6.808983426862340593e-01 7.082396354619106826e-02 2.733647451146420604e+00 -2.727725922338096076e+00
9.826769031135468424e+01 6.595854251648549660e-01 7.638239308171233810e-02 1.178601912270214935e+00 -1.205190672523750450e+00
9.998107950882467776e+01 6.666118102095515141e-01 9.256728613631404201e-02 2.199505218928849093e+00 -2.231674750395525653e+00
9.997460397414839406e+01 6.665848156403496594e-01 9.256728613631404201e-02 2.199505218928849093e+00 -2.228096976124906980e+00
1.033088691899572211e+02 6.798429541701517254e-01 7.761520719462135232e-02 1.015743708061873418e+00 -1.073616437120876732e+00
9.984766997133313282e+01 6.653743995234430164e-01 9.931864954454308614e-02 -9.322655336794023473e-01 9.129492827355056850e-01
9.966172787822686985e+01 6.642895039373080124e-01 9.405685440636868400e-02 4.873019368636020143e-01 -4.734661485578968154e-01
1.010026950930616323e+02 6.696695377811642258e-01 1.025303423713894435e-01 -5.385733918789032959e-01 5.114396241294267842e-01
9.727142415400429343e+01 6.535257475600874111e-01 9.362223381452465520e-02 -3.053150151105108012e+00 3.054384222062360710e+00
9.738271988353179154e+01 6.540264958541938123e-01 9.362223381452465520e-02 -3.053150151105108012e+00 3.104627287944970782e+00
1.009107824463233385e+02 6.689300868363299291e-01 1.012084621300384513e-01 3.466761308333078384e-01 -3.030449924229440817e-01
9.566837738011494707e+01 6.459306090442031856e-01 6.891083640832849910e-02 1.176134260906237072e+00 -1.183014263192287308e+00
1.064477167890862574e+02 6.896528586758086110e-01 9.301472615347179673e-02 -4.478631860241091833e-01 3.974435239673012044e-01
1.020664165348790533e+02 6.729894011830238609e-01 7.990021878799856425e-02 2.467295985250308674e-02 -1.396556052395647729e-02
9.942418588024210635e+01 6.616080600361572417e-01 7.419786665904587464e-02 3.953419273645846221e-01 -3.854888951493327109e-01
1.076348677525953264e+02 6.930313405515178271e-01 7.769707495237462846e-02 1.428836002177563014e+00 -1.394940403731542045e+00
9.560651818073979769e+01 6.438581970219297013e-01 7.903289403771304733e-02 -1.393066132667940993e+00 1.365475827292943256e+00
1.022454427814038951e+02 6.725593549427798523e-01 8.667782465857633289e-02 2.811605190507746599e+00 -2.864817543908546149e+00
1.005314183266844736e+02 6.654502334730146851e-01 1.024103859766431202e-01 -1.513455149571372838e+00 1.564398643908622377e+00
1.007933291161615017e+02 6.663072619285806963e-01 7.183050576317694114e-02 9.414684593390632017e-01 -8.939898795547223109e-01
9.942285716738955159e+01 6.603500642795151476e-01 8.162864839257596983e-02 -1.908964405000871389e+00 1.850351087519368942e+00
1.001079084187245911e+02 6.630344557152584306e-01 6.906842804084441234e-02 1.552593258446797408e+00 -1.574850356254795081e+00
1.010998118969114756e+02 6.669805720970296559e-01 8.591546772879887772e-02 2.120518019747496541e-01 -2.532478462194298618e-01
9.865701866263550812e+01 6.566544515803827142e-01 9.859218597598502776e-02 -1.423799323430840369e+00 1.409608628435942812e+00
1.022207468324345001e+02 6.713581859200470348e-01 8.865124245992349328e-02 1.571641160673476589e+00 -1.527770701258227781e+00
9.952202810437694325e+01 6.598275705174532213e-01 7.959322533515406084e-02 -1.164164021486320394e-01 7.438904730510520480e-02
1.028515803674894045e+02 6.733748471990361750e-01 7.156688540593209025e-02 -2.417301511553539672e+00 2.409910837759788649e+00
1.009942713239099561e+02 6.657753104991392945e-01 7.361393904022063561e-02 1.057282778283994640e+00 -1.061415037210956758e+00
9.862955862292470499e+01 6.547313264792393728e-01 9.366618161468641401e-02 2.906444230729618106e+00 -2.864370664230784680e+00
9.997936063939353346e+01 6.599125376852897906e-01 9.371497836352170319e-02 -2.378164958769310999e+00 2.328653594819074080e+00
1.006648157586988361e+02 6.627134102365310753e-01 1.006634679856819731e-01 2.665670803191473759e+00 -2.715913686616716394e+00
1.010744797092838070e+02 6.644052521863521577e-01 7.353099007379336471e-02 1.915874253108409198e+00 -1.880793904457325860e+00
1.017043937043664243e+02 6.668855108066646942e-01 8.915087322612355591e-02 8.666432531935336359e-01 -8.360074693949530733e-01
1.013947230867173914e+02 6.652442221675635148e-01 7.022286843649699906e-02 -1.624343412568824307e+00 1.662489251162539317e+00
1.013893467462629729e+02 6.650868708708067567e-01 8.623380249899631478e-02 2.126393630828709025e+00 -2.070710622289020364e+00
1.020257479147001618e+02 6.673823638803315639e-01 9.711642311840910924e-02 2.077160348751407870e+00 -2.030105578329321148e+00
1.016381890845194533e+02 6.657036038234119824e-01 1.008948064814848139e-01 -9.416804957052644642e-01 9.843137463446023361e-01
1.021332847550590799e+02 6.678311835318283540e-01 8.721024204506425126e-02 1.685825488331476052e+00 -1.700424982984612754e+00
1.044302539589429557e+02 6.767304334721492287e-01 1.050262989147416753e-01 2.370206153483943812e+00 -2.328107155224766966e+00
9.990326051228019821e+01 6.581419907961600924e-01 9.425568085861019130e-02 -2.092593383840439358e+00 2.051164499566834998e+00
1.033008388096539107e+02 6.718664021127265240e-01 8.844188725625122538e-02 -2.304304055583183963e+00 2.303838323821587153e+00
1.043586303718882675e+02 6.755557820584253692e-01 9.772102000424055801e-02 -8.498983904207729756e-01 9.097202689093456529e-01
1.021188689010571977e+02 6.664904647329313869e-01 7.702617293654673292e-02 2.569654685878214995e+00 -2.576935418210769768e+00
1.021069599747934689e+02 6.662719035359855324e-01 8.268988739952085054e-02 1.232896265287003912e+00 -1.243402323034635826e+00
1.056917231070225398e+02 6.802637150375389075e-01 9.505993093610581868e-02 3.593580130003510287e-01 -2.988057484663140251e-01
1.026180907148730199e+02 6.681358883285383188e-01 9.084118134286475743e-02 -2.343781413247321421e-01 2.705864215345687995e-01
1.084659528070568513e+02 6.900942082657441912e-01 1.011789366634597009e-01 7.230444063690940615e-01 -7.522475741500325164e-01
1.045136012608262632e+02 6.750214399412648447e-01 9.709773109835120875e-02 -1.978491281342593000e+00 2.003022489607360068e+00
1.078932349821457137e+02 6.874882658216029396e-01 9.966905997974551124e-02 -2.626343073301728559e+00 2.658858770999651622e+00
1.079918143012074552e+02 6.878382885441818306e-01 9.966905997974551124e-02 -2.626343073301728559e+00 2.620520932034065886e+00
1.080181485677037472e+02 6.879316546290087375e-01 9.966905997974551124e-02 -2.626343073301728559e+00 2.609299419532705500e+00
1.101015996053605619e+02 6.943972770350719248e-01 9.737412362113233300e-02 1.294913156422410783e+00 -1.348615967878283195e+00
9.801597005041173816e+01 6.464727071235962796e-01 6.808179822582591245e-02 -2.659453685336002682e+00 2.679801655008739569e+00
1.043782643876449470e+02 6.727167622184335727e-01 7.129084027278652369e-02 5.815684911822845971e-01 -6.028850937698460033e-01
1.015341854194537632e+02 6.610482133379951275e-01 1.061606700731770742e-01 5.569231141419390685e-01 -5.801267214361995883e-01
1.026511129555728417e+02 6.654394442283960709e-01 7.340103109076240306e-02 -1.560411303174842612e-01 1.056770281164503000e-01
1.033064654852718860e+02 6.675114579168468509e-01 9.796584553988632593e-02 9.828867492631555569e-01 -9.472527826013852348e-01
1.024107934131709214e+02 6.634265426361392048e-01 9.277265032836970460e-02 1.045307652396018305e+00 -9.948888944166336401e-01
1.030983488871971190e+02 6.661818593382103915e-01 7.259461853400236975e-02 5.449428460686088771e-01 -5.286310083707363994e-01
1.000454766645567872e+02 6.531400642936958656e-01 8.740883867364797333e-02 -1.771955384520540244e+00 1.722807056776926249e+00
1.012658534773654679e+02 6.582277519675043820e-01 1.059343819208478643e-01 -2.536037470088391199e+00 2.521007617041040927e+00
1.013398197733623078e+02 6.585418931768810547e-01 1.059343819208478643e-01 -2.536037470088391199e+00 2.592238562035964478e+00
9.975231192364300625e+01 6.517110596224745533e-01 7.130038345523950771e-02 -1.789503620551167851e+00 1.837878266259178162e+00
1.033581183541228654e+02 6.667438959152879319e-01 8.444923445823915298e-02 -8.466925319983079623e-01 7.860485474044949239e-01
1.031657919068396012e+02 6.659186175518605477e-01 8.024321876049271551e-02 1.830484398272847146e+00 -1.861636603309982041e+00
1.024959500606100136e+02 6.629847538300825960e-01 1.002241345461514777e-01 1.747210671792692294e+00 -1.782950350170758202e+00
1.023066765507893052e+02 6.616857718824620260e-01 9.588189516002730561e-02 -2.228035306898498380e+00 2.196563046271131192e+00
1.063309450676169376e+02 6.775664490069963630e-01 7.438109628463074330e-02 1.819719491595023220e+00 -1.765717025567606679e+00
1.026680048397073080e+02 6.629335143462758984e-01 7.412862459788856218e-02 2.605385919107832571e+00 -2.650752299886019792e+00
1.026793030043546793e+02 6.629800301189501255e-01 7.412862459788856218e-02 2.605385919107832571e+00 -2.654856705184268861e+00
9.984242906204323731e+01 6.506325031971370576e-01 7.306072590862641714e-02 4.444638413636705088e-01 -4.799853891432861452e-01
1.066292601358020704e+02 6.781107126100692772e-01 9.253086907314404808e-02 -5.850055179965025776e-01 5.582139725886218207e-01
1.038832937530351046e+02 6.673857016255295704e-01 6.997935893740980795e-02 -7.885464950717741006e-01 7.848233450244418430e-01
1.029305985838090720e+02 6.634438008315794999e-01 1.022785449293837079e-01 6.044213299574628939e-01 -5.884957544793896211e-01
1.026545949629482948e+02 6.619915495446658804e-01 8.868733286157934326e-02 9.363038596040738071e-01 -8.995583037624186318e-01
1.062823985694271727e+02 6.762534151667701776e-01 8.752423637144357560e-02 3.021310582667816380e+00 -3.052795822953220828e+00
1.073982599038910166e+02 6.804119196673469316e-01 9.236296978036198646e-02 9.055349485892665029e-02 -1.248376064942471331e-01
1.053891478090446725e+02 6.727401190605699632e-01 9.417174863002640561e-02 2.325091891576843706e-01 -2.506878038259516273e-01
1.027487386460158092e+02 6.620278510512632719e-01 1.019790369768563271e-01 -5.336576118345066622e-01 5.773589308839806034e-01
1.011863737210344141e+02 6.553101298191460478e-01 9.056074829431071116e-02 -1.339670906241045900e+00 1.391338837862980293e+00
1.040244718373699726e+02 6.670312594172563836e-01 8.906008628506706382e-02 5.522703354945498466e-01 -5.782323641125808322e-01
1.022296453976998265e+02 6.595786711701026039e-01 1.023074526074841950e-01 1.022535910909621704e+00 -1.005674700582847692e+00
1.075521517108738010e+02 6.803228754560446401e-01 9.724971804495832761e-02 -2.857300939255515537e+00 2.858428638082359363e+00
1.037039589360742440e+02 6.654251986938567454e-01 8.463182381397403586e-02 -2.551286990948328004e+00 2.597693140641860854e+00
1.058118573290209667e+02 6.736647858057031035e-01 7.115739825487771286e-02 4.048447957367473649e-01 -3.452874270614126884e-01
1.028721499244492463e+02 6.620104035385300234e-01 8.931870624132130787e-02 2.705174973793499360e-01 -2.338237497428121703e-01
1.063035188954273451e+02 6.753417039074800510e-01 9.710290517047176495e-02 6.256657659473231770e-02 -3.075908064156238075e-02
9.865150798660853582e+01 6.433064363252076756e-01 8.574823156796664014e-02 3.069307521325705057e+00 -3.114928491932434262e+00
1.101890277185899976e+02 6.891879033097287888e-01 9.308759106548201989e-02 2.626637989118167926e+00 -2.636559658076089718e+00
1.023040093163931772e+02 6.586920504502453699e-01 6.942210310576715782e-02 -1.362791686252668777e+00 1.402374599272880662e+00
1.047145858323902274e+02 6.683244878719305504e-01 8.888503230835786972e-02 -1.287652181764375792e+00 1.343257167168971034e+00
1.056103246619059490e+02 6.717000253283688105e-01 8.802653113793634798e-02 -2.960088225827541386e+00 2.997127069929069076e+00
1.024395212095593450e+02 6.588965197012127684e-01 8.990512372988708478e-02 -2.283259329397823389e+00 2.246997170066827643e+00
1.115942759906253627e+02 6.931670521403635599e-01 7.828155694033549217e-02 -1.470713281090325397e+00 1.472596611607990491e+00
1.045141739979217448e+02 6.664668466435249572e-01 1.016961339152909066e-01 -3.051985427156420183e+00 3.075273687904108488e+00
1.073775415245956140e+02 6.772183043826565108e-01 9.592462950234881269e-02 1.443312917361710301e+00 -1.467328887306347696e+00
1.016596902954576933e+02 6.542181337654064954e-01 1.063320589489896301e-01 1.526757243714577550e+00 -1.522979527636308950e+00
1.000893544163472058e+02 6.472907968136117907e-01 9.331769510832207959e-02 3.040799176357921851e+00 -3.068069749650615741e+00
1.106774222188240202e+02 6.883122125037755001e-01 1.062846002518745420e-01 -1.114463559481054356e+00 1.081398692831044617e+00
1.051865702258124315e+02 6.672977834970209576e-01 7.528521899648570048e-02 -3.999867397492685162e-01 4.472092254174835357e-01
9.839206538102286004e+01 6.379474316429274428e-01 9.277478899367541665e-02 3.102095031251981716e+00 -3.124602057885887962e+00
1.044720954807479103e+02 6.637885777171497192e-01 7.396251443328480391e-02 -4.996741346980268506e-01 5.411053652785433599e-01
1.044503367270141894e+02 6.637007960708800614e-01 7.396251443328480391e-02 -4.996741346980268506e-01 5.166351498387924401e-01
1.020988540140468928e+02 6.535400179107069274e-01 7.186085178863639567e-02 2.913973102253748504e+00 -2.967893160702761879e+00
1.050228659247482739e+02 6.650273679742003674e-01 1.044645497857295963e-01 1.443513845772236959e+00 -1.474504042900142142e+00
1.106082970469958724e+02 6.854831018645975993e-01 9.348954213791535461e-02 1.599458977911851543e+00 -1.563023482032346090e+00
1.051369596388988299e+02 6.646061273789553026e-01 8.361004781095111860e-02 9.202652707612845040e-01 -8.866420692131149472e-01
1.051379727881381001e+02 6.646101748595732994e-01 8.361004781095111860e-02 9.202652707612845040e-01 -8.911112676170147573e-01
9.998205266537372893e+01 6.425451504817182302e-01 7.854748691170554409e-02 7.299981660004011275e-01 -7.307571802400949501e-01
1.000894886826023225e+02 6.430353813481214376e-01 7.854748691170554409e-02 7.299981660004011275e-01 -7.823460751117852219e-01
1.019136733118537848e+02 6.499881068576465193e-01 9.733032214690956474e-02 -1.321696052124997189e+00 1.265233327141058073e+00
1.133270924654032825e+02 6.932743042891659213e-01 7.330252053834319936e-02 -1.125119206740033961e+00 1.088712810310125345e+00
1.015675739383569862e+02 6.478665837732658916e-01 9.367764857001605050e-02 5.913292211466670834e-01 -5.883141567437344399e-01
1.091202709124442549e+02 6.781545333356787664e-01 7.645693402385630999e-02 -1.295698201407345040e+00 1.346532206477096816e+00
1.059230305960985987e+02 6.658388586370281859e-01 9.239231029423203290e-02 2.897840259257092654e+00 -2.928680302445496153e+00
1.056858862884185584e+02 6.649002344751122617e-01 9.239231029423203290e-02 2.897840259257092654e+00 -2.843500109483341198e+00
1.019922542466944861e+02 6.494984089668025540e-01 1.049993716518400760e-01 2.985074504220565750e+00 -3.010354817755178214e+00
1.122793882163321086e+02 6.890829830495880381e-01 9.322362999526445648e-02 2.064086837074500913e+00 -2.058141139897821326e+00
1.127333740877978414e+02 6.899836654281292780e-01 8.300740962698095748e-02 -1.157667016032071006e+00 1.176641406653816446e+00
1.028636572156977280e+02 6.516395827504640748e-01 9.246414987571389965e-02 -1.051932785274674709e+00 1.081248010705935902e+00
1.118932079642172539e+02 6.861606566270760377e-01 9.428877336402888276e-02 1.916122944767192360e-01 -1.872364204597726234e-01
1.102502364733637279e+02 6.798384784383962876e-01 8.328318282505596526e-02 2.664778731492964514e+00 -2.723182121087452057e+00
1.102474280792632015e+02 6.798284023092185935e-01 8.328318282505596526e-02 2.664778731492964514e+00 -2.708116952577247716e+00
1.071575722870428535e+02 6.682572983183281412e-01 7.753729990702618036e-02 2.451602103084792594e-01 -2.934772068937918643e-01
1.063789329961029040e+02 6.651760555824364207e-01 9.276115637965411109e-02 -3.127930056073087606e+00 3.077954579595469475e+00
1.099112854914612996e+02 6.782619724347576096e-01 8.987607139449839411e-02 2.339291646668645086e+00 -2.280284724315258860e+00
1.021759114367544328e+02 6.472219880151901528e-01 8.785722516608779342e-02 -8.840363418171277576e-01 9.447325711104683776e-01
1.121915987576931144e+02 6.860347862493867410e-01 8.626063615303616872e-02 -2.130019861528720693e+00 2.132042523399253486e+00
1.085601715837590433e+02 6.730056433702026331e-01 9.523568627899794969e-02 2.726024976612045236e+00 -2.695118349758810261e+00
1.097955989655540492e+02 6.774265902636377179e-01 7.960121478466709866e-02 -2.015016972605038426e+00 1.983766856234003839e+00
1.073729805204091861e+02 6.679344802854531027e-01 1.042385452138144541e-01 -4.521297177761670061e-01 4.740931254019635777e-01
1.035796380503158076e+02 6.523815688612456531e-01 8.730165224359891230e-02 1.662505362367386441e+00 -1.642876901215608587e+00
1.064736056232683552e+02 6.642252136846448218e-01 1.053371619399623288e-01 -4.447603206735444847e-01 4.848463225302315216e-01
1.117263668583526055e+02 6.834042630618933911e-01 7.259955722616145968e-02 9.435251163879097014e-01 -8.931964711786329891e-01
1.015376372320660039e+02 6.428316147632932021e-01 7.699211154275827085e-02 -1.015036822600185795e+00 1.051756554723814352e+00
1.049070576499382810e+02 6.570266276440728248e-01 7.768390574366985935e-02 -2.569627923284207416e+00 2.618744091628544268e+00
1.070035923761227963e+02 6.651873192575757932e-01 9.176881828846822353e-02 -8.398737704428874684e-01 8.601269138806086900e-01
1.070020281648512395e+02 6.651811929832868175e-01 9.176881828846822353e-02 -8.398737704428874684e-01 8.594026955206879315e-01
1.039906380754831332e+02 6.527678430189274295e-01 7.208974920340836812e-02 -1.731276286299617384e+00 1.686504510965773473e+00
1.087116671321922468e+02 6.714789355646736402e-01 7.693133675768748514e-02 -8.671893271626542887e-01 8.528411869937914114e-01
1.100704136921468859e+02 6.764820284179010601e-01 9.246999549133189111e-02 -1.702415597433988070e+00 1.641508112451254719e+00
1.100067469972327530e+02 6.762499800439211173e-01 9.246999549133189111e-02 -1.702415597433988070e+00 1.665482470403871762e+00
1.055926177922755187e+02 6.590353494523695232e-01 9.427969866993715642e-02 -7.067735766715446122e-01 7.565932085260229645e-01
1.031419862997325936e+02 6.486957987983978935e-01 8.381336603569697341e-02 2.472700153101929088e-01 -3.037126375941303635e-01
1.166031150853674632e+02 6.983142842855798449e-01 1.029713817475023108e-01 -3.100851747096083688e+00 3.079311305070649762e+00
1.103441341142842020e+02 6.769384905722751755e-01 8.560788625713502964e-02 -1.533916732872647737e+00 1.593297211612871855e+00
1.062815769195967164e+02 6.613755327054863242e-01 1.019821452023064040e-01 3.966352488048148772e-01 -4.234853103793625451e-01
1.015951496790832778e+02 6.414938877243674398e-01 8.073078371964829969e-02 -1.953269508093179896e+00 1.927166503993333446e+00
1.054501950994437465e+02 6.578771676379030486e-01 7.794651887921437428e-02 1.506152610381658485e+00 -1.454742530527110889e+00
1.053619156181853072e+02 6.573552049733598635e-01 9.762442376767273278e-02 -1.895726603645364827e+00 1.931882569021452944e+00
1.006473562164118931e+02 6.365111725834791123e-01 7.415782223244961335e-02 2.564021317202178185e+00 -2.572750253981628266e+00
1.092709469869859902e+02 6.720665131230175726e-01 7.981452538105583694e-02 -2.569992175386836664e+00 2.528049812070636726e+00
1.132581422430375682e+02 6.859340069111977689e-01 1.013042948190616827e-01 1.847139888873464475e+00 -1.849449027404272528e+00
1.039163701798380686e+02 6.500075791074700904e-01 7.405134517062750277e-02 -1.496761773323239675e+00 1.451099020029000375e+00
1.045192947723663792e+02 6.525650409432258714e-01 7.405134517062750277e-02 -1.496761773323239675e+00 1.554303120119078230e+00
1.151603440284880691e+02 6.919683310235431595e-01 6.974569887657579292e-02 1.290824124938122486e+00 -1.281494614429268708e+00
1.082661037906497228e+02 6.672443998395928277e-01 8.669608740145667847e-02 -3.301201143731902765e-01 2.991754639943751126e-01
1.081487358584038532e+02 6.667079604980121754e-01 7.114010629949338305e-02 2.519666512650288848e+00 -2.516960239731605764e+00
1.100286534985212228e+02 6.735220371263634931e-01 7.884360564302568541e-02 -6.227419282084255547e-01 6.346946355882407964e-01
1.064852313377779183e+02 6.590239314220390776e-01 8.399971385684551484e-02 -8.702827597974567286e-01 9.124052169655361144e-01
1.046202052828566309e+02 6.512519706051256296e-01 7.400974916183900021e-02 4.403026002434458630e-01 -4.212614507647154394e-01
1.115069172365795680e+02 6.779309759968942251e-01 7.654508324891164117e-02 9.525219166228236778e-02 -1.402040022651291906e-01
1.035935250969626509e+02 6.464569171894534172e-01 1.018402083381880485e-01 -2.023960777999652461e+00 2.022152877925308623e+00
1.035457490394680491e+02 6.462491528717755340e-01 1.018402083381880485e-01 -2.023960777999652461e+00 2.010221288639804982e+00
1.039891630088743000e+02 6.480782570797573028e-01 8.553909511360761886e-02 -1.563725627224912540e-01 1.546625234855039110e-01
1.105385578233103274e+02 6.739118643120671770e-01 9.249924210672007263e-02 3.133231343001290359e+00 -3.130130836084934920e+00
1.105620030788143850e+02 6.739977371647153381e-01 9.249924210672007263e-02 3.133231343001290359e+00 -3.138819198853680881e+00
1.014239768089420153e+02 6.365567636522000416e-01 7.107756699933082123e-02 1.952905797012338240e+00 -1.960577039790800669e+00
1.027751438588573194e+02 6.417472745253465227e-01 1.024386414700167447e-01 2.446120609724681483e+00 -2.460697621384367206e+00
1.100188548750255819e+02 6.708137601722151677e-01 1.039126212903059010e-01 3.036135327245558013e+00 -3.037331917518145463e+00
1.095679952284402532e+02 6.690814487703066193e-01 9.287000197336089946e-02 2.593017857247803093e+00 -2.574944447141779946e+00
1.091670000517137993e+02 6.675244507891413548e-01 1.044768551038473825e-01 -1.867138716045712465e+00 1.881637526075573774e+00
1.052285839609703686e+02 6.517474369353514208e-01 7.838600980076605718e-02 1.922885298129546783e+00 -1.867338460864463645e+00
1.108390825145741019e+02 6.736053519927309718e-01 8.908483817790993631e-02 1.412734003607993616e+00 -1.416413829718109696e+00
1.103545026141653835e+02 6.714496047142591850e-01 1.022732106130289226e-01 -3.059844941822011499e+00 3.002599992610309965e+00
1.114110056520383267e+02 6.751105329932992616e-01 9.343620316606446319e-02 2.977173805150804764e+00 -3.034318489168371435e+00
1.097495768016458015e+02 6.688055469631373207e-01 8.243523748504040516e-02 1.271767575885241586e+00 -1.213696858854538485e+00
1.086381310985125168e+02 6.644362471281445304e-01 7.972983473016902189e-02 -1.171181889822016986e+00 1.232578359015430447e+00
1.144988370818472276e+02 6.855672373017414056e-01 8.686160589249887487e-02 4.012409933880465296e-01 -4.441859834034595500e-01
1.147985746115184753e+02 6.865757448011099440e-01 8.686160589249887487e-02 4.012409933880465296e-01 -3.745381189697027380e-01
1.132964089085550086e+02 6.811850735311418825e-01 1.047179166465590089e-01 -1.175586255255249180e+00 1.119089073915757293e+00
1.086135712635400949e+02 6.635159326304714833e-01 6.823125119556873452e-02 -5.384587899022180713e-01 5.410643880561580854e-01
1.098769316652372652e+02 6.680363118407590672e-01 7.504360514772270840e-02 6.378052825983352436e-01 -6.281566349384062331e-01
1.103177113850912150e+02 6.696567578673811028e-01 9.804288194820175162e-02 -2.987084089066723180e+00 3.034508690166677347e+00
1.086344095758981894e+02 6.630389246184861252e-01 8.819556991265384283e-02 -2.985906437906542532e+00 2.925001305148455355e+00
1.089529769974544280e+02 6.637907507387652561e-01 7.147648622237261218e-02 -1.222064696139030682e+00 1.188161261239625732e+00
1.094073488510826309e+02 6.653670072651342027e-01 8.073069731813845018e-02 -2.760244902697807756e+00 2.699559083669839321e+00
1.097932055389233312e+02 6.666692835995023936e-01 8.825810860923211099e-02 2.928230505995214727e+00 -2.964015840155401982e+00
1.097931420024733882e+02 6.666690424801127168e-01 8.825810860923211099e-02 2.928230505995214727e+00 -2.978575504946822328e+00
1.080833020719837094e+02 6.596656985818054597e-01 1.000100370551939843e-01 4.713560894107298171e-01 -4.523249050013440353e-01
1.095401144184696562e+02 6.649302543866858484e-01 7.327509537659271377e-02 -4.881350533435757644e-01 4.285920092141146664e-01
1.100958185768645308e+02 6.668131194817562557e-01 7.177963042675368499e-02 2.844273337163142901e-01 -2.850532745367790888e-01
1.042494659539129032e+02 6.429487156231674660e-01 8.208386666234970819e-02 1.175472280363156097e+00 -1.114777136367162802e+00
1.157952588649818466e+02 6.868682874035080266e-01 6.919382290272056701e-02 2.881203932820959768e+00 -2.932202176203884569e+00
1.080933007830179378e+02 6.588484065334916373e-01 8.577865055222247403e-02 -2.278165467619525764e+00 2.289257208547648581e+00
1.138439990924310621e+02 6.801131452490447593e-01 1.020756667987834376e-01 -9.535008426187857600e-01 1.012197597604067356e+00
