2.827057699852807104e+02 9.114806566883101313e-01 8.216061788355566442e-02 2.358572449376505009e+00 -2.410224717368339764e+00
2.809818781364713232e+02 9.109110198427071703e-01 8.216061788355566442e-02 2.358572449376505009e+00 -2.419309205672071528e+00
2.883599048042134996e+02 9.132988036866159787e-01 8.216061788355566442e-02 2.358572449376505009e+00 -2.320999391341956208e+00
2.335020033713151406e+02 8.908517024116021643e-01 8.933870176803360152e-02 -2.229103266202174360e+00 2.241463733439925221e+00
3.196989849685366494e+02 9.224190360901618480e-01 9.148957500995846814e-02 2.050732602205437516e+00 -2.004669719364364777e+00
2.284601563029220586e+02 8.881049434773624629e-01 9.525505036580275697e-02 2.513737393522445629e+00 -2.553197539199020927e+00
2.533020007036699610e+02 9.000168579846496986e-01 8.292966406057787621e-02 -1.770401715947689469e+00 1.734825556008109615e+00
2.536026765958546889e+02 9.001419755210112728e-01 8.292966406057787621e-02 -1.770401715947689469e+00 1.739308282225902946e+00
2.537630733599307860e+02 9.001941875631366274e-01 1.043818640334709114e-01 -2.562628818857944690e+00 2.514386806344251823e+00
2.542944319131967461e+02 9.004142699861228394e-01 1.043818640334709114e-01 -2.562628818857944690e+00 2.552686408273276530e+00
2.449264507100922970e+02 8.962795768386108142e-01 1.025136351163226101e-01 -1.564094420125553109e+00 1.581248308974030348e+00
2.997538495567739574e+02 9.166583003963444387e-01 7.579445813354104833e-02 1.132435154224402662e+00 -1.169642631150175971e+00
2.485319176027362857e+02 8.978232840384843261e-01 7.027788620128101738e-02 -4.098050714232104666e-03 1.066494713489361985e-02
3.472102417424409850e+02 9.287690720442931536e-01 9.987085041689264253e-02 -1.503680905959549508e+00 1.495741424035133438e+00
2.837331278818775218e+02 9.114992206959382504e-01 1.031468097704620057e-01 2.594936520506494482e+00 -2.591668009962415642e+00
3.318735228143196991e+02 9.252202829240301352e-01 9.834309261707760430e-02 -2.384180527441642550e+00 2.415552547680120288e+00
2.534227361356411166e+02 9.000827928378302145e-01 7.886713416785541553e-02 -1.198566354853850990e+00 1.261053400183321127e+00
2.428479822016041112e+02 8.950626111270536533e-01 7.913361777908162198e-02 9.361078776816389446e-01 -9.859068892559440522e-01
2.402564357319723172e+02 8.938635388140465654e-01 7.913361777908162198e-02 9.361078776816389446e-01 -9.094852582873296232e-01
2.650026875724706770e+02 9.046595200128267900e-01 8.326791232846281199e-02 1.416727422882168241e+00 -1.453701395348092840e+00
2.644147566156971720e+02 9.043261468730927621e-01 8.428530521948081333e-02 2.295431173881919307e+00 -2.305251303838640187e+00
2.436221315693993290e+02 8.953619050855425865e-01 8.588506474067486574e-02 -1.424136488516606791e+00 1.431735686079963266e+00
2.676048831540862807e+02 9.055715309530663060e-01 1.040933909846711442e-01 1.928987704468821729e+00 -1.952453864497461167e+00
2.206197986939976943e+02 8.831529214926695515e-01 7.238226246600505676e-02 -2.179921117650931439e+00 2.186034871934555035e+00
3.306744210981973424e+02 9.247639374352224495e-01 9.748944354052453687e-02 -1.134034029533768306e+00 1.136030255987112936e+00
3.328267424928579885e+02 9.252701264493272681e-01 9.748944354052453687e-02 -1.134034029533768306e+00 1.105504305781636942e+00
2.255897593910704018e+02 8.861168634781197984e-01 7.791764122893789224e-02 2.415947972959905099e-01 -2.043264811002726000e-01
2.241613082242621999e+02 8.853441808343187613e-01 7.791764122893789224e-02 2.415947972959905099e-01 -1.946492189902707115e-01
2.978055558400566838e+02 9.157504283674723355e-01 7.608450475393299661e-02 -2.343086898795047723e+00 2.383668640628908708e+00
2.489526418743222393e+02 8.976530103501860758e-01 9.379695491782924499e-02 -2.415994839610620115e+00 2.396320600301771631e+00
2.621572090648515427e+02 9.032583086290891794e-01 7.973225613245446541e-02 -1.626128630738987058e+00 1.602558783524125730e+00
3.285474049654385453e+02 9.241291762363090800e-01 8.283426699521974357e-02 6.522422157329674786e-01 -6.724210174881881663e-01
3.564363970438951128e+02 9.304870006837390184e-01 9.833586508822984851e-02 -1.814278547663281893e+00 1.847923945267400780e+00
2.873401468227369264e+02 9.123192274434318572e-01 7.443309419204613420e-02 -1.863357183002755990e+00 1.842233745694606961e+00
2.788852976119752611e+02 9.093390946439920963e-01 1.046035975370442073e-01 1.932537367972905651e+00 -1.887133930835881657e+00
3.890217454823184653e+02 9.365011130956371055e-01 9.377133028941851689e-02 1.064332409381183453e+00 -1.108633831622024779e+00
2.651105488844710862e+02 9.041213206021023741e-01 7.038919781974672940e-02 1.693688384526736534e+00 -1.687526028062205974e+00
2.497646606589602527e+02 8.977284833804365372e-01 9.557905895485475922e-02 6.257565341908697398e-01 -5.645025936888198315e-01
3.528626505980537331e+02 9.294699234324870218e-01 7.684179293827847479e-02 2.763334827221218593e+00 -2.723987221798850999e+00
2.560027726399003427e+02 9.002389201174743061e-01 1.035585874375980903e-01 -2.843974826309612514e+00 2.887975354829274810e+00
3.596888345534039786e+02 9.308414125017778762e-01 7.686688273486944056e-02 3.021842920428713608e+00 -3.050786897487801408e+00
2.375870368598240816e+02 8.918745444214415397e-01 7.063548415836944094e-02 1.630922514236710752e+00 -1.570837570083243984e+00
2.998801426490654194e+02 9.159322940212264452e-01 9.485483510734517287e-02 1.990924102152379804e+00 -1.977884891863596284e+00
2.753371596565880850e+02 9.077500646294113240e-01 8.855952032175509747e-02 -4.852049692965236805e-01 5.103530039634471827e-01
2.937087684362891764e+02 9.139734651975763846e-01 1.026112877991045974e-01 -2.981044547253433596e-01 3.010723713601958229e-01
2.337536916158644260e+02 8.895727789483418579e-01 9.205760846525912200e-02 -2.162583827395328395e+00 2.176706559279316444e+00
2.310045717947234323e+02 8.881759523906007647e-01 9.205760846525912200e-02 -2.162583827395328395e+00 2.146787918306657161e+00
3.129878868981190863e+02 9.196163520278214376e-01 9.423996737023875025e-02 2.477040461099034641e+00 -2.427011381007871282e+00
3.000417883631771474e+02 9.158199566413446346e-01 9.694356782390403660e-02 -1.500621214207169318e+00 1.549429171112876702e+00
3.013503741285155115e+02 9.162022207893613102e-01 9.694356782390403660e-02 -1.500621214207169318e+00 1.540214480946697329e+00
2.999209508120817986e+02 9.156889468081467198e-01 1.024070968142151428e-01 1.657798147216387852e+00 -1.708303379401427513e+00
2.926685330710475341e+02 9.134635465319277392e-01 9.938417216932816933e-02 2.030185168707573151e+00 -1.977446954837291493e+00
2.574130623412734167e+02 9.004502029567156285e-01 8.525851277441291731e-02 2.583632327392738848e+00 -2.587468835095244835e+00
2.610566209424795829e+02 9.019456425683921585e-01 8.571517085249702461e-02 7.020382147767921799e-01 -6.842237613038353317e-01
3.402059994913753371e+02 9.263845349652678474e-01 7.046727755784551461e-02 -8.258957874806400756e-01 8.627553648057356694e-01
3.677763434173799055e+02 9.321356167700597384e-01 9.802291283254516152e-02 -1.944784595942455008e+00 1.963479521936562389e+00
2.398812419059727574e+02 8.923198925730407849e-01 9.633849643750926062e-02 1.911295019017047681e+00 -1.962890413900692188e+00
2.783881740983232476e+02 9.084396439875598306e-01 8.186708071745738002e-02 -2.763105278883673854e+00 2.795778837670329864e+00
3.129110495180448765e+02 9.192747645191534644e-01 9.593824666943016888e-02 -2.586334637471493725e+00 2.584761107239336830e+00
2.789176188518372896e+02 9.085675370998945732e-01 7.654132185635831309e-02 1.088264599315352577e+00 -1.109142779729582529e+00
2.545341042375878828e+02 8.989389725710343892e-01 7.194395446015799944e-02 -7.391603398325897745e-01 6.923931348487208925e-01
3.546785758026948656e+02 9.293181489387951633e-01 9.810931842559458826e-02 2.304027558075566695e+00 -2.329259233402572349e+00
3.401080154126466937e+02 9.260545119004519599e-01 9.871240735379571696e-02 2.791903121925579656e-01 -2.255191857508659914e-01
2.900872889896319293e+02 9.122439046178643096e-01 9.909187738930895495e-02 8.560688547485119093e-01 -8.126044342078190263e-01
2.212162353131439261e+02 8.819514466222273530e-01 8.671966833104659267e-02 1.127187629950015202e+00 -1.069861933887160221e+00
2.775083195473181945e+02 9.079239374736022272e-01 8.853812133663249706e-02 1.946317375266464866e+00 -1.986215735481650979e+00
2.775187235369121481e+02 9.079275643694668663e-01 8.853812133663249706e-02 1.946317375266464866e+00 -1.986123758406161288e+00
2.545712714723274530e+02 8.988120948975449886e-01 9.633123178630018102e-02 -4.960031431858030193e-01 5.276354339763287271e-01
3.505155521958519103e+02 9.283560632666459922e-01 7.884611433866829666e-02 -3.086528453868746524e+00 3.081785542463518990e+00
3.413943086775098550e+02 9.263659141180973222e-01 7.884611433866829666e-02 -3.086528453868746524e+00 3.047645199972531138e+00
2.525543081681627768e+02 8.979357115770325581e-01 1.049273721085246386e-01 -2.733368851585029180e+00 2.737600203188076620e+00
3.656307700215984937e+02 9.314159003513131641e-01 9.766416026003625628e-02 -3.941686834795208871e-01 4.128196942665411928e-01
2.744349973401934335e+02 9.066635515599725803e-01 8.392267445564687012e-02 1.791874596858675339e+00 -1.848921431561391326e+00
2.812228271389952852e+02 9.090690352718088230e-01 6.886021454097632222e-02 4.079438178669277937e-01 -4.632176643061150512e-01
2.780041158108882655e+02 9.078982785045860426e-01 1.036876141176803490e-01 -2.375178207970026545e+00 2.428166897188563045e+00
2.783898435617812197e+02 9.080323545546893360e-01 1.036876141176803490e-01 -2.375178207970026545e+00 2.422111409920461256e+00
3.172997715851223575e+02 9.201918347856083980e-01 7.615510989875340364e-02 1.620343042156342228e-01 -2.127760229069752540e-01
3.243665431040898852e+02 9.220041807460344074e-01 7.615510989875340364e-02 1.620343042156342228e-01 -1.207436303448879145e-01
3.044908590643906336e+02 9.165163874031104774e-01 7.012829093438148476e-02 -2.909313672114624882e+00 2.960630386170213235e+00
3.588304902373131426e+02 9.299524765531745896e-01 9.652789390474782183e-02 -1.241299854712624162e+00 1.280819400137215291e+00
2.672639613720913871e+02 9.038263226361232805e-01 8.212277407657238293e-02 -2.209161624051235506e+00 2.235253237716835262e+00
2.682552620797471832e+02 9.041606541126810948e-01 1.042184503576214089e-01 -1.856669781421113941e+00 1.891923266307019569e+00
3.875590488930217816e+02 9.353890865407109567e-01 8.067709153314327197e-02 -2.397167354326177613e-01 2.764138879388327030e-01
2.820736692711884643e+02 9.092629344983342854e-01 7.655880246265996114e-02 -9.391405880543704510e-02 1.380641754815870592e-01
2.762247568370707427e+02 9.071094325669999403e-01 7.488087091309154897e-02 2.617546712905721717e-02 -8.427206522916469433e-02
2.550508876710640607e+02 8.985762395411952541e-01 9.214427797442938106e-02 4.228962444446803248e-01 -4.426195357941791197e-01
3.183361405553118857e+02 9.202225706200772848e-01 8.948041520993382791e-02 2.374286649075390887e+00 -2.354056047669982110e+00
3.203731406402775406e+02 9.207516475810564316e-01 8.948041520993382791e-02 2.374286649075390887e+00 -2.403995547421267975e+00
2.639300623002728230e+02 9.022423988329842937e-01 7.336266741107479172e-02 2.709962766350161090e+00 -2.676501460051412096e+00
2.283713980299460218e+02 8.853966741360332904e-01 7.969434062071004132e-02 2.747940258128505953e+00 -2.685766340734173419e+00
2.938047927977192444e+02 9.129863303525832530e-01 1.005820940396748436e-01 -3.036367378478158408e+00 3.081724706153878834e+00
2.846827331832519690e+02 9.098865661127510940e-01 8.319662974894447005e-02 1.276770749014238371e+00 -1.224256526726322569e+00
3.477361780939946811e+02 9.273139732411233016e-01 6.998285564267744951e-02 7.391768995891107030e-01 -7.134214224000231530e-01
2.839255028913598267e+02 9.095954081906005850e-01 1.058961383825282598e-01 2.117212845661899490e+00 -2.175576531633847566e+00
2.487956836350869878e+02 8.955682001521991786e-01 7.797102441033344766e-02 -2.702192483668012901e+00 2.711930153722003300e+00
2.558324552354702348e+02 8.987575623430476002e-01 9.647724659913628487e-02 -2.783953168216717788e+00 2.846547231407928980e+00
2.844572583541689141e+02 9.097363303448058325e-01 1.017006217513241745e-01 4.257199895918046401e-02 -7.815666535062886985e-03
2.781013667795365905e+02 9.074975206197483102e-01 8.056996494651678942e-02 -5.377219665509401780e-01 5.077108058175000549e-01
2.824603774968147718e+02 9.090397211573770786e-01 6.839773360206334585e-02 -8.121765700483376538e-01 8.314008437145733454e-01
3.097936101879405442e+02 9.176599282366078025e-01 7.309353111834790417e-02 -1.862336932073393791e+00 1.801198478581291340e+00
2.567653239836035937e+02 8.990230903541502894e-01 9.561597234176605342e-02 1.671321670633132417e-01 -2.287231931809362018e-01
2.524101459194009180e+02 8.971810644549921276e-01 9.561597234176605342e-02 1.671321670633132417e-01 -1.381473352388276621e-01
2.958265926150716041e+02 9.133960148123060341e-01 1.057620686376698482e-01 1.902949019172149869e+00 -1.956876206531369178e+00
2.412264976721175174e+02 8.918197503418459071e-01 7.567209177434297551e-02 -2.090575862346677027e+00 2.112673952284723544e+00
3.159324576019416213e+02 9.193160830377381521e-01 1.023242893925721680e-01 -2.545331538572868091e+00 2.532523656785214961e+00
3.135599753696122320e+02 9.186785956843626089e-01 1.023242893925721680e-01 -2.545331538572868091e+00 2.546271831362594718e+00
2.757313106591957990e+02 9.064602685588435405e-01 7.041635233668797067e-02 -1.049004804142924074e+00 1.007688494094513665e+00
2.713060034908404532e+02 9.047326845685010888e-01 6.859784526980794439e-02 1.636417867928616099e+00 -1.605281793795806156e+00
2.707197283893661961e+02 9.045154837964096695e-01 6.859784526980794439e-02 1.636417867928616099e+00 -1.594777674400999823e+00
2.866052674409539804e+02 9.102315582110293013e-01 1.011926636722224604e-01 -8.164317806398859734e-01 8.140785994849885077e-01
2.868048221817752506e+02 9.102970953961749823e-01 1.011926636722224604e-01 -8.164317806398859734e-01 7.800890628765447810e-01
2.396871547653184962e+02 8.908343635762092649e-01 6.947838944854994869e-02 3.505476338893858679e-01 -3.649266606836311655e-01
2.954415595812893116e+02 9.131592652170222868e-01 1.024019080289276379e-01 2.171626244371642311e+00 -2.139062818703750146e+00
3.362251637677093186e+02 9.243384737408948393e-01 7.959122254231532079e-02 -7.914308462620385232e-01 7.601289852678138059e-01
2.318025951609808999e+02 8.866692451789546237e-01 9.455812719370795816e-02 3.092298898167313848e+00 -3.148349824336471148e+00
2.677088213471237168e+02 9.031406336776237609e-01 8.928204950746347623e-02 1.309640992153858097e+00 -1.305700698754213462e+00
2.603473672294649646e+02 9.001758259921127658e-01 8.967157877804352029e-02 4.087316219169480624e-01 -4.600683968022324932e-01
2.676075100530599116e+02 9.030296760889603425e-01 8.967157877804352029e-02 4.087316219169480624e-01 -3.798556806819111675e-01
2.476262767839593835e+02 8.944134127562979319e-01 6.920584535154268579e-02 4.605457225188319681e-01 -4.468836337687470128e-01
2.425508690656220949e+02 8.919857843558240962e-01 8.048380004516586528e-02 -1.630125532154107271e+00 1.631547636040521221e+00
2.752093800675758075e+02 9.058650582332696821e-01 1.033580455536752818e-01 6.600430400588377378e-01 -6.174009528742585573e-01
3.479701366713430843e+02 9.268459927494990813e-01 9.857811878071301437e-02 -1.831334988605502589e+00 1.817631764084741697e+00
2.336599810287219157e+02 8.873237075162606624e-01 7.228547013219679962e-02 -1.938175004756294451e+00 1.950891885994095354e+00
2.349121973387444200e+02 8.879622420892536727e-01 7.228547013219679962e-02 -1.938175004756294451e+00 1.977320266964889495e+00
2.817306470383082910e+02 9.081432264631419393e-01 7.703602512352550336e-02 7.117372635890164556e-01 -7.043004133812934553e-01
3.072102870446230440e+02 9.163455726730270756e-01 9.551203176667501238e-02 -7.214762283902722562e-01 7.282770569171583830e-01
2.672652735655427705e+02 9.027021275411861723e-01 1.002283022533056317e-01 3.030089687614774707e+00 -3.063760139449775100e+00
2.401978101291654752e+02 8.905954535413788120e-01 1.061608051024294230e-01 -1.043263923336734011e+00 1.079352805384254710e+00
2.750759613532198387e+02 9.056769445466965607e-01 1.037480599441644308e-01 4.923628191594548453e-01 -4.368938179256003362e-01
2.714070078964969071e+02 9.042489011119732023e-01 1.047890639377926369e-01 2.899377332035696586e+00 -2.860891449559002542e+00
2.822016837974044279e+02 9.082262252032710093e-01 8.580580190801627427e-02 2.708069995766502203e+00 -2.675717397050445090e+00
2.757001878373794739e+02 9.058841325244869624e-01 8.348766349626343675e-02 -1.623691181561271124e+00 1.573778085251728465e+00
2.987387790262910698e+02 9.136716357860080739e-01 8.480778307907747837e-02 -7.820039672874233849e-01 7.693441614205294155e-01
2.587754549290892214e+02 8.991192767527642626e-01 7.867671339664676633e-02 -9.055050220955529472e-01 9.091930413279883938e-01
2.568707776264525364e+02 8.983289426044198667e-01 7.867671339664676633e-02 -9.055050220955529472e-01 8.949212428744207637e-01
2.758461306890057472e+02 9.058274562067633040e-01 8.713825287664751784e-02 2.747229323877993235e+00 -2.757573809399434417e+00
2.816119648438925651e+02 9.078858981483596269e-01 7.987122951041027152e-02 1.498262808604841734e+00 -1.539915406780161256e+00
3.615754365176359215e+02 9.295577592658399446e-01 8.407267114337961533e-02 -3.071614084809270562e+00 3.043207223646777315e+00
3.605234179571282880e+02 9.293443936972887176e-01 8.407267114337961533e-02 -3.071614084809270562e+00 3.028896666039669672e+00
2.451021691918001864e+02 8.927372834624244247e-01 7.411963633376221494e-02 -2.171628907327758373e-01 1.644791395091977360e-01
2.548471724005187014e+02 8.971863301115620137e-01 8.996168514510700931e-02 -1.095484950267911595e+00 1.138222122728459018e+00
2.767857378644839059e+02 9.060191799906645027e-01 7.604486868931205346e-02 -1.351652589125511783e+00 1.400423696585968880e+00
2.831077652216950469e+02 9.082333475295568670e-01 8.758516117808362589e-02 1.332702866659460694e+00 -1.348477432312471525e+00
2.777708255954278798e+02 9.062757850202335375e-01 8.320881801988547211e-02 -1.710481200838422255e+00 1.684527179660075147e+00
2.631935360663218262e+02 9.005870313665970128e-01 9.227756626837853304e-02 2.168395605803780768e+00 -2.190490140547189490e+00
2.828697886651729618e+02 9.081283175659667917e-01 1.014613024000880354e-01 1.856136762140100593e+00 -1.909890364396795936e+00
2.490997826688403336e+02 8.943871543006849389e-01 1.007280045615851355e-01 -1.312274757154055616e+00 1.326175903489503538e+00
2.360638382299001705e+02 8.879618254092510599e-01 9.210396957869573797e-02 -1.897896326174558057e+00 1.844282079228745319e+00
2.794260683967212913e+02 9.068328214687508826e-01 7.144867985381103681e-02 -9.065481104479069518e-01 9.585427330585046812e-01
2.650517217643242702e+02 9.013277193257156483e-01 7.587342633514183865e-02 1.098318089726907809e+00 -1.152439242688424237e+00
2.702150933028781878e+02 9.033142024381665136e-01 7.587342633514183865e-02 1.098318089726907809e+00 -1.078740901946776853e+00
2.732233050890763479e+02 9.044912372688722613e-01 7.184416760324137396e-02 2.406863922793868849e+00 -2.457812498980823879e+00
2.763931989187209979e+02 9.055818762103470254e-01 9.611274486480708701e-02 1.416054113776640255e+00 -1.395934927045475282e+00
2.697082193130175938e+02 9.029864071749486021e-01 9.952204677235090835e-02 -1.767794302745428370e+00 1.790948937775048044e+00
2.793614243879256378e+02 9.066160877116999917e-01 9.172856731968927202e-02 -3.793211609575763976e-01 4.150304825384851237e-01
2.695965716173145097e+02 9.029021990004761911e-01 7.371243036576885510e-02 -3.005857095636253806e+00 2.999787707577166174e+00
2.695296928058608614e+02 9.028768101409838653e-01 7.371243036576885510e-02 -3.005857095636253806e+00 2.994968244605359153e+00
3.005141551445533992e+02 9.137292744513200171e-01 1.048505527648989216e-01 -2.518005428731523221e+00 2.559109961990579940e+00
2.970573305104312567e+02 9.125838682219244991e-01 7.037419750624103465e-02 -1.494737446762368416e+00 1.473306290767979032e+00
2.326401568933757176e+02 8.857477488238502117e-01 7.483412880879708462e-02 1.148049257930206402e+00 -1.170983420348218118e+00
2.315755231103542826e+02 8.851884382356928205e-01 7.483412880879708462e-02 1.148049257930206402e+00 -1.136762941507179381e+00
2.938394822838712912e+02 9.114793585858032010e-01 8.870685545635179081e-02 -8.385342990495587845e-01 8.605900247055097152e-01
2.920931225706551686e+02 9.108560142629843481e-01 9.836810875813138677e-02 -1.151879564675733159e+00 1.161519097398461042e+00
2.123100673404999839e+02 8.733581024839064400e-01 7.380225677894754199e-02 1.692356368999223815e+00 -1.667267930127363851e+00
2.695700813397917273e+02 9.026535232349988114e-01 7.732140964391884252e-02 -3.089111334687365762e+00 3.105025680238680419e+00
2.396813176627437940e+02 8.892508625867799887e-01 7.126778021190884049e-02 -1.725341597376347957e+00 1.684271178881933118e+00
2.705187991137713652e+02 9.029924002704472485e-01 1.008816871346661648e-01 1.969630075949966530e+00 -2.023786118972894954e+00
2.636362288247651691e+02 9.001402588735875065e-01 7.769755745236381350e-02 2.477597423134849208e+00 -2.459459486943807338e+00
2.670473186693492949e+02 9.015041822773364188e-01 9.069521457777753037e-02 -3.121729025120821621e+00 3.107810909089559370e+00
2.471828985821309743e+02 8.928028624525581325e-01 9.882910614158076090e-02 1.687721212575792995e+00 -1.736719603076464891e+00
3.540775987534253204e+02 9.272860443489251425e-01 7.995768485087434430e-02 -2.282701702339597905e+00 2.274625777249458913e+00
2.762546679504665121e+02 9.050074474937013225e-01 7.497617874327414111e-02 -1.740164614344809957e+00 1.744310614112186242e+00
2.546513996730157885e+02 8.961849401661236003e-01 7.370293687488856105e-02 -1.505171876323452951e+00 1.534928844897014644e+00
2.537008612456824039e+02 8.957733538844590004e-01 7.370293687488856105e-02 -1.505171876323452951e+00 1.540911220066678800e+00
2.449107998592296553e+02 8.915469506792694787e-01 7.746720893978238653e-02 -1.298562388415966717e+00 1.298676691488601875e+00
3.272906592774747878e+02 9.207742330292306709e-01 9.425373375663127773e-02 1.564388602228703240e+00 -1.560202386348877424e+00
2.640350875704192504e+02 9.001353097754745125e-01 9.336995815024026757e-02 1.190880530778455348e+00 -1.232539574151613193e+00
2.960379651318727952e+02 9.117533830098365488e-01 8.676893395146613452e-02 5.755285766247396628e-01 -5.523690012893257562e-01
3.441740475718983134e+02 9.248497725711363193e-01 1.004298463400316865e-01 6.854963564441413082e-02 -7.462050471292287768e-02
2.723325788456082250e+02 9.032827200232708131e-01 9.761590532922563568e-02 -2.221482537210993091e-01 1.889180356407259009e-01
2.477334421818148655e+02 8.925736161801688384e-01 1.054455239163908792e-01 2.520158393963324084e+00 -2.472727622450227258e+00
2.237336390670336073e+02 8.797155194159198555e-01 7.610211057190527373e-02 -1.039331457433554151e+00 1.021006389055983954e+00
2.228673213898246672e+02 8.792158490274049054e-01 7.610211057190527373e-02 -1.039331457433554151e+00 1.053653464017025421e+00
2.773505486974829637e+02 9.049480979326109953e-01 8.603390767009852502e-02 8.518981601343047494e-01 -8.745394906910993749e-01
2.902278905567622473e+02 9.095472945151732436e-01 9.000807402012796221e-02 2.322852665882111811e+00 -2.326371225690469835e+00
2.282661359912208638e+02 8.821851633016825067e-01 8.616935411859937000e-02 -2.472098791659054495e-01 2.387508411930430452e-01
2.372173119743578127e+02 8.870794615599174593e-01 1.013164658003454371e-01 -1.308175964628230270e+00 1.359609663628413401e+00
2.324361880713663595e+02 8.843995887498778963e-01 7.189194182575683878e-02 -8.199543182452438961e-01 8.491236215365322026e-01
2.320634056455213852e+02 8.842017318483769150e-01 7.189194182575683878e-02 -8.199543182452438961e-01 7.875903317519117319e-01
2.791004762216538779e+02 9.055505997361636972e-01 1.063219107388239937e-01 8.106650674416929769e-01 -8.646033139784312649e-01
2.732562283691114544e+02 9.031987112034505216e-01 7.157173914494091571e-02 -1.917377889183313089e+00 1.939659200755800228e+00
2.708498195095903611e+02 9.022156439610359291e-01 1.052694647047414667e-01 3.128987547336802955e+00 -3.103102003501979400e+00
2.701320283446333974e+02 9.019416905263819562e-01 1.052694647047414667e-01 3.128987547336802955e+00 -3.187786810809991600e+00
3.141776943429405833e+02 9.167313650052896223e-01 8.169864605943541469e-02 2.495166784644299529e+00 -2.536910462200074434e+00
3.610594994788889949e+02 9.282198873774518688e-01 7.048937659030642122e-02 -2.899027537327513393e+00 2.941158200274288870e+00
2.503860482455845897e+02 8.933675039866048051e-01 9.397333661810053362e-02 -1.164965279557552025e+00 1.165962142455774897e+00
2.868842920329481103e+02 9.080504955611591322e-01 7.243133593167085105e-02 2.897379516008618427e+00 -2.871078826668285178e+00
2.849539100563019360e+02 9.073609069864262411e-01 9.218244696221317147e-02 1.971809661280580661e+00 -1.928590921435547223e+00
3.426001539207531437e+02 9.241059562339919431e-01 1.007115957689687091e-01 8.018148196730942034e-01 -7.436717972429497392e-01
2.546392269593229969e+02 8.953322112226353990e-01 9.560012652346888684e-02 2.624586194459968547e-01 -2.066274523342727099e-01
2.660964204314618087e+02 9.000896269504514713e-01 9.560012652346888684e-02 2.624586194459968547e-01 -3.083686597700487919e-01
2.811274616187381525e+02 9.059605563597779021e-01 1.000220407173884607e-01 6.404548414944593038e-01 -6.735207206655553502e-01
2.778204387462330374e+02 9.046031029075689567e-01 8.759655571028902854e-02 -1.171042901124265123e+00 1.133145055585747407e+00
2.525430135604616453e+02 8.940530939820080514e-01 9.006397842046071078e-02 -2.953518185450601172e-02 1.175582683779938589e-02
2.736307681159933622e+02 9.030259648336316225e-01 7.246441665517006081e-02 -2.412239321231723022e+00 2.365274918415773531e+00
2.839174923128767887e+02 9.067205643934662662e-01 7.246441665517006081e-02 -2.412239321231723022e+00 2.460593072047843499e+00
2.428738931144907269e+02 8.893906038760724941e-01 6.964672269436082697e-02 2.927619669370667754e+00 -2.941522067671200169e+00
2.468595851632551899e+02 8.912854877084341876e-01 6.964672269436082697e-02 2.927619669370667754e+00 -2.899428042312018672e+00
2.375508197512458821e+02 8.867540213781670566e-01 6.964672269436082697e-02 2.927619669370667754e+00 -2.976553540083518357e+00
2.314804354365562631e+02 8.832336005911922694e-01 8.273331497748356855e-02 -1.003788437714202120e+00 9.838862422052825352e-01
3.401166977683147365e+02 9.231551835861998567e-01 9.951653523740508489e-02 1.696508426803288172e+00 -1.686438582539245390e+00
3.370060612240373530e+02 9.224160726174577274e-01 9.951653523740508489e-02 1.696508426803288172e+00 -1.653968149154920075e+00
2.693847126418341986e+02 9.011180814236162684e-01 8.839451223929467583e-02 8.638919637876374402e-01 -8.322374901399753888e-01
2.424517880496979672e+02 8.889910315596379897e-01 7.044865407766316701e-02 -2.634198573238442531e+00 2.675878563868684168e+00
2.436039093429863840e+02 8.894592967303251996e-01 1.053336247370132706e-01 1.673201304923676469e+00 -1.668501255526257498e+00
2.919112655557101448e+02 9.093127867951934507e-01 9.886745344063835317e-02 5.202055881286854477e-01 -5.074162220461255757e-01
2.283339923828939106e+02 8.813110661500684895e-01 7.483038422343155083e-02 2.737407948910588917e+00 -2.715561370692006982e+00
2.336808681803120180e+02 8.842049168674204207e-01 7.483038422343155083e-02 2.737407948910588917e+00 -2.778524422837005847e+00
2.774111816688670160e+02 9.041148018125458874e-01 8.361025827166747304e-02 3.010676596884577894e+00 -2.957166876586515336e+00
2.797493812431578704e+02 9.049583327540885458e-01 8.361025827166747304e-02 3.010676596884577894e+00 -2.974806280892927202e+00
2.638967761001686085e+02 8.986766728246892155e-01 6.924739948130657907e-02 -2.795145464575397920e+00 2.762011365360425241e+00
2.199818302868682736e+02 8.760932445886956410e-01 7.423691034308692316e-02 2.846825363249166352e-01 -2.998400278553585707e-01
2.865709840154162862e+02 9.074856056791014147e-01 1.039680858556124715e-01 2.070889424451521243e+00 -2.011876895102017393e+00
2.754610809005512237e+02 9.032734918593976481e-01 1.011725963477580065e-01 -1.077107359398622899e+00 1.088076491056356065e+00
2.637702264442232263e+02 8.985589471653748772e-01 1.052168656831926896e-01 2.803556391085215260e+00 -2.771845067453130529e+00
2.694364279822866592e+02 9.008654448665514014e-01 9.098464713966181172e-02 3.036149298774532213e+00 -2.987373392989565613e+00
3.355259322744727228e+02 9.217661784015551696e-01 9.399821868476927744e-02 -2.453706623305089263e+00 2.452486242132189798e+00
3.202712802120080369e+02 9.178735169912636271e-01 9.399821868476927744e-02 -2.453706623305089263e+00 2.513472128245082260e+00
2.605560422362924555e+02 8.971762573342030311e-01 8.973554935738516092e-02 2.329081916734374147e+00 -2.371484343915946091e+00
2.556734513465519001e+02 8.948459072973167228e-01 8.347899041846990054e-02 -2.666066126618931165e+00 2.673036592988530469e+00
2.833731701555681752e+02 9.060120988868958225e-01 8.481729822234790328e-02 -2.926148663565515395e-01 2.963506329099825365e-01
2.872397766380659050e+02 9.073453739376395877e-01 7.415554143855807023e-02 -6.962146415442006520e-01 7.569008897627177435e-01
2.460625202293721827e+02 8.902746805524891505e-01 9.281311103681050279e-02 3.001580128095285294e-01 -2.702329134771826458e-01
2.348578287750568165e+02 8.845212580030776817e-01 7.163993739800852967e-02 1.676258516646545738e-01 -2.052164092573417475e-01
2.239697213056883243e+02 8.781766052771399211e-01 9.872683090532102801e-02 2.139542290284548454e+00 -2.159056511945440349e+00
2.433901464088698674e+02 8.888171541277343213e-01 7.270556619859523673e-02 2.811472700211248732e+00 -2.773595087513509583e+00
2.443118458150297556e+02 8.892627295411518196e-01 7.270556619859523673e-02 2.811472700211248732e+00 -2.798810695414974514e+00
2.790067221759248923e+02 9.042509828527383053e-01 7.040405942721039700e-02 -3.622536145748969649e-01 3.299800492517987460e-01
2.267125866300285395e+02 8.796547145209132612e-01 1.049116709187947472e-01 -5.001452679916795763e-01 5.531174196030801404e-01
2.465986593651282988e+02 8.904102285240266257e-01 7.269506157626869081e-02 1.228879639203926954e+00 -1.290980737548838242e+00
3.120980981711152822e+02 9.151370168007908479e-01 9.651800809778524060e-02 -1.387701603436646502e+00 1.416872262322902198e+00
2.693551959825197173e+02 9.003905991962550814e-01 9.876547568763634211e-02 2.374332587481603696e+00 -2.390622254444142225e+00
3.468040664573354093e+02 9.242000466628227384e-01 9.812734996921380903e-02 -1.295557306134924369e+00 1.327869205351622561e+00
3.499450126373351395e+02 9.249080210595994611e-01 9.812734996921380903e-02 -1.295557306134924369e+00 1.307350998951746890e+00
2.666816010369308856e+02 8.992106070829057884e-01 9.634112866708598177e-02 2.726274672321616147e-02 -1.881319635243675417e-02
2.653303506886957734e+02 8.985976881113130199e-01 7.838205817973939449e-02 2.377786383709739937e+00 -2.329919202329629790e+00
3.032197818084467826e+02 9.122623092270226719e-01 8.891490117940822890e-02 1.438737741062436459e+00 -1.437710583419546939e+00
3.192055073808633097e+02 9.169807883911481605e-01 1.020991456841901096e-01 -7.275588236183264113e-02 2.820524893085190471e-02
2.503626395005429686e+02 8.918685083551670667e-01 9.188953709297575934e-02 2.821217203660845163e-01 -3.237872713328777685e-01
2.547516637332579421e+02 8.938620382504989248e-01 9.830703296112157374e-02 -6.857211116108088422e-01 6.659045676644803624e-01
2.674615933291241845e+02 8.993820800975591556e-01 9.374653540845186150e-02 6.614757082116518028e-02 -7.678782678287468522e-02
2.534366758352758779e+02 8.932330560638823691e-01 7.233953005740002828e-02 7.690906100827689107e-01 -7.558602045053273155e-01
2.213619174204920341e+02 8.761650929090432083e-01 9.309017032535771285e-02 9.868117410602489370e-01 -9.307238524485211828e-01
2.522254817216794720e+02 8.925661246597461629e-01 7.716283060624053169e-02 2.585588638436582265e+00 -2.615922393789089195e+00
3.335648573226753228e+02 9.206864816885245162e-01 9.712502452179444523e-02 -2.259564071610474123e+00 2.213430049850267700e+00
2.923888026721933215e+02 9.085165786488151873e-01 9.043132971617845461e-02 -1.320170222028856033e+00 1.380066586397806105e+00
2.471029869569185564e+02 8.900809395066785479e-01 8.004927342474245366e-02 -6.289896936992402932e-01 6.575480296459270679e-01
2.172603431023838425e+02 8.731427845470944860e-01 8.995215176754887965e-02 2.881079592734401285e+00 -2.861771126143392241e+00
2.792541300492065943e+02 9.038088428207259328e-01 1.012110546523750931e-01 1.185708061078395881e+00 -1.220419016935144541e+00
2.560626215393345433e+02 8.942249165270648170e-01 9.659073744207535839e-02 -2.664804368875207441e+00 2.689205695970953158e+00
2.548539115959246999e+02 8.936258088002441147e-01 8.859920965320101927e-02 2.600176767878955020e-01 -2.721823899061232011e-01
2.998402142667110866e+02 9.108955304538988162e-01 8.587638038745315505e-02 -1.617626101699454866e+00 1.656471843469446092e+00
2.683464584418945265e+02 8.995040668970912812e-01 6.909484926471987087e-02 4.167704478499005827e-01 -4.304586096728923450e-01
3.052592457178166683e+02 9.125238073828745300e-01 8.397964647677447214e-02 -1.101884085746755781e+00 1.145500721039573566e+00
2.587144491523224019e+02 8.953227154036760282e-01 7.530049348141672205e-02 -2.265341674695759533e+00 2.269950468938500610e+00
2.851129038313173396e+02 9.057058393962632570e-01 1.025144427952364989e-01 5.219578855519346750e-01 -5.462863111755656975e-01
2.610067221379271700e+02 8.960660233997627122e-01 9.212029015716233227e-02 3.016998480253857196e+00 -3.040363748950984935e+00
2.663862856787825990e+02 8.983436573307864714e-01 7.007724204065157725e-02 -1.071882100393919623e+00 1.036160686908201845e+00
2.612806036049811951e+02 8.962646948430741389e-01 8.523069535833811827e-02 1.133239561057158840e+00 -1.090701304678925121e+00
2.276348148863428378e+02 8.790640301043880500e-01 9.804570924344818694e-02 -1.402981730862018717e+00 1.439841933567980847e+00
2.505404116889764339e+02 8.911504799404539323e-01 9.420217886330113644e-02 3.020520614575602725e+00 -3.014964740676660870e+00
2.769566106636493146e+02 9.024843123176606863e-01 8.883560333709605850e-02 -6.833499677217977908e-01 6.903557700596612001e-01
2.638527247153270991e+02 8.970942858079895554e-01 8.163103253578589402e-02 -6.500147174087562707e-01 6.969385342480483025e-01
2.919925326885569348e+02 9.078182159785579408e-01 9.911211396902823434e-02 -1.537172138418947620e+00 1.563635792874078279e+00
2.809831238384666108e+02 9.040150293324402675e-01 9.911211396902823434e-02 -1.537172138418947620e+00 1.480924229492501354e+00
2.568675033383692039e+02 8.939092150594870612e-01 9.960249308357624343e-02 7.285625224901582930e-01 -6.910413334214187131e-01
2.545129717121290298e+02 8.928689097873775404e-01 9.960249308357624343e-02 7.285625224901582930e-01 -7.486427749475096372e-01
2.278703072525991900e+02 8.789575564469975788e-01 9.953094030847151052e-02 -2.244062791976122018e+00 2.304232578502263706e+00
2.520651149232074033e+02 8.915699445518453503e-01 8.594318073492554499e-02 -1.100765395037253791e+00 1.102491067579976169e+00
2.712921442503797493e+02 8.999537047573145099e-01 9.930482064180090607e-02 1.835487145842479739e+00 -1.839310940376635894e+00
2.624166083729882644e+02 8.962721624611373894e-01 8.462998511148478453e-02 -1.643901895141092639e+00 1.628676174818602496e+00
2.709825680775849719e+02 8.999559254721258839e-01 9.430875244829105275e-02 1.258594218209514226e+00 -1.207262812869269286e+00
2.712312562149176642e+02 8.998679866337389033e-01 1.030883098140061988e-01 2.144845689328219951e+00 -2.155874249616299476e+00
3.126816506341556305e+02 9.141911643756377437e-01 9.023999787383232829e-02 -2.619583021098838671e+00 2.650276683127614774e+00
2.771834900745051868e+02 9.023314391860559613e-01 6.877419171685995869e-02 -2.010023994786160895e+00 2.051971724535686992e+00
3.323815448071010223e+02 9.196612313896761481e-01 9.198151661224664155e-02 2.878696808857437617e+00 -2.835041347921551491e+00
2.640734612641742842e+02 8.968412621184920219e-01 7.529547800115921063e-02 -1.060208997739114034e+00 1.081882807365247778e+00
2.386789934590462110e+02 8.846579032138309762e-01 8.194557579274287795e-02 -2.650358779352576022e+00 2.679476647242712506e+00
2.386360372993035242e+02 8.846357870466872164e-01 8.194557579274287795e-02 -2.650358779352576022e+00 2.676916344420581684e+00
2.439673562735245582e+02 8.875564658833112741e-01 7.154930137475905283e-02 1.216471079589833248e+00 -1.191839067810237740e+00
2.993145688045422048e+02 9.099405997802682000e-01 9.856452813897111087e-02 -2.684189839699561819e+00 2.642352069863433961e+00
2.758937171709903282e+02 9.015476493917984335e-01 1.042410632716077312e-01 -1.925653956258704946e+00 1.951850966550948030e+00
3.328940582780655859e+02 9.196440946128418004e-01 8.857459716383994652e-02 -1.014443125048862138e+00 9.744425349335882336e-01
3.351955991999641924e+02 9.202197641130600569e-01 8.857459716383994652e-02 -1.014443125048862138e+00 1.015777392271506763e+00
2.237526616830897979e+02 8.759038288200485800e-01 1.047258571211393680e-01 -3.772217251365701518e-01 3.839708519582480384e-01
2.852357496960433423e+02 9.049788715333630940e-01 8.175275881540901290e-02 -2.545192495813526357e+00 2.599747593839328186e+00
2.771095367888081000e+02 9.020413296763964972e-01 8.175275881540901290e-02 -2.545192495813526357e+00 2.488057938896264254e+00
2.180602382526480483e+02 8.722318308965597566e-01 1.009955258538113576e-01 2.084728272315293562e+00 -2.063398327355440376e+00
2.172627450274310377e+02 8.717283448110377808e-01 1.009955258538113576e-01 2.084728272315293562e+00 -2.052734387691982132e+00
2.166314749792724967e+02 8.712422001336534993e-01 7.907452338139933645e-02 -1.261157081545152547e-01 1.005838064433015183e-01
2.586561936880113990e+02 8.941147400911405585e-01 7.296675101184513235e-02 1.129487195664481192e+00 -1.119588825670418730e+00
2.423445274166734293e+02 8.862184157493258052e-01 8.509097625959984035e-02 1.961463400961795500e+00 -1.923532823801700875e+00
2.672637390514871640e+02 8.977560051545118158e-01 8.598772939921184300e-02 -3.009297106147758694e+00 3.040582694093190597e+00
2.605140585210647259e+02 8.948123928614155620e-01 6.989996401570386375e-02 1.525378132076645965e+00 -1.568228040750623054e+00
2.409438768031312179e+02 8.854076305270994762e-01 9.824781311189856314e-02 -1.969187780781603836e+00 1.959433268635983216e+00
2.745019417136269340e+02 9.005060735895198398e-01 7.999493287522818630e-02 -1.627152396369366594e+00 1.582408970247409785e+00
2.796268060404882476e+02 9.024348933988936006e-01 1.041129882478119273e-01 -3.076930846658865182e-01 3.476335118777013067e-01
2.673229458556030522e+02 8.974880129108143700e-01 9.716912939223681933e-02 -2.158144657013345846e-01 2.373346802552375179e-01
2.590536867492076567e+02 8.939128748551983250e-01 9.586655317178773006e-02 4.155533235565784800e-01 -3.545817298106933024e-01
2.729696070129066925e+02 8.998699994240033639e-01 8.776034051668143987e-02 -8.334824650285164171e-01 7.790580496960104462e-01
2.913975460473128578e+02 9.066120604968491703e-01 9.733360010441277632e-02 -1.794398355419238422e+00 1.843662289847098235e+00
2.882652739751002855e+02 9.055444211211338690e-01 9.733360010441277632e-02 -1.794398355419238422e+00 1.801342467514750023e+00
2.592641875769900253e+02 8.938762308239649457e-01 7.702238541535352812e-02 1.435154043751673880e+00 -1.487442898699371518e+00
2.105735075159826692e+02 8.661810998504395620e-01 8.344392012100057543e-02 -1.727732296975489357e+00 1.713934009078513787e+00
2.106609508156180652e+02 8.662409355042591796e-01 8.344392012100057543e-02 -1.727732296975489357e+00 1.740122313196891923e+00
2.208101352518536373e+02 8.730664473523930269e-01 8.151007391244054212e-02 -1.909883789358122863e+00 1.966778386988926819e+00
2.212883884555632221e+02 8.733606715688927435e-01 8.151007391244054212e-02 -1.909883789358122863e+00 1.932875934902673620e+00
2.913893300561596220e+02 9.064952627008473485e-01 8.434653848922754604e-02 2.192376627646580811e+00 -2.132486363584577216e+00
2.646385414342448144e+02 8.959777247048894555e-01 7.478647928973124193e-02 3.999729628089082611e-01 -3.623772292519645277e-01
2.154711351473941079e+02 8.692281549402073315e-01 7.020805154388161384e-02 6.123400746916388693e-01 -6.080169602208271851e-01
2.266017321752096052e+02 8.764018153705023240e-01 6.822835936975252258e-02 1.830837640831398216e+00 -1.863720856310689511e+00
2.188612845509263423e+02 8.713709287027797679e-01 8.160258211541912554e-02 -2.546489261825140460e+00 2.600748647436450511e+00
2.669400823292156133e+02 8.967279048534764208e-01 1.034235493945649814e-01 -2.507767061748140236e+00 2.546187955928739921e+00
2.610827972098725240e+02 8.941312555276581531e-01 7.742471267232529930e-02 -2.944104349277193222e+00 2.934023616264477496e+00
2.248983199873614467e+02 8.751636654267506144e-01 8.247940360813998950e-02 -2.928831548949578423e+00 2.947389018262263960e+00
2.273219658628962350e+02 8.765884044169280909e-01 8.247940360813998950e-02 -2.928831548949578423e+00 2.868838458202241259e+00
3.272468221472001915e+02 9.171255988612799781e-01 7.905197327438179267e-02 -2.190487045300482105e+00 2.176991647387439777e+00
2.594907500126016657e+02 8.931992234154113586e-01 8.528829993889459893e-02 6.952356338407279512e-01 -7.115691468041813739e-01
2.617304020442624619e+02 8.941745393046619528e-01 1.040249185387380482e-01 -1.427841658927558877e+00 1.456902828140910655e+00
3.377106385879928325e+02 9.197320528007141283e-01 1.036222001631368211e-01 1.397245569477452154e-01 -1.194558787557836038e-01
2.525219524554119630e+02 8.900266152629859873e-01 1.050194293604809204e-01 5.186234482669657142e-01 -5.041482307636240279e-01
3.361104215103239312e+02 9.192980532464976040e-01 7.441612360490407196e-02 -1.083226300936444286e-01 6.755488034866691249e-02
2.377778138581826113e+02 8.822444325592474490e-01 7.062830563863485567e-02 -1.855387541256013018e+00 1.872021588945856019e+00
2.934528421287465676e+02 9.064961185841718949e-01 8.753780380818729223e-02 -2.990876693349220350e-01 3.271629016655004385e-01
3.253359685481842121e+02 9.163587952087282051e-01 1.035606451297573366e-01 -3.050878404479574701e+00 3.033648468316830993e+00
2.439214750930224227e+02 8.856417009672996610e-01 9.950935606236957498e-02 2.363273238609202576e+00 -2.301564899030817735e+00
2.850312382689649553e+02 9.034520014139006960e-01 1.028525665367207159e-01 -8.868808815165218906e-01 9.263644230003543756e-01
2.496756837730814311e+02 8.882131393441460299e-01 8.838406047811696309e-02 1.358382963283188527e+00 -1.387706976422575567e+00
2.707230030001834393e+02 8.977241420569476160e-01 8.836668781266457384e-02 2.222554079278955097e+00 -2.239594501740723054e+00
2.682842420282319154e+02 8.967409343483434547e-01 8.836668781266457384e-02 2.222554079278955097e+00 -2.208913175562009723e+00
2.972115102543000376e+02 9.076600466161655056e-01 8.235202714868948559e-02 -2.442716239420369195e+00 2.409100749647450357e+00
2.668116678844720013e+02 8.960379334696838560e-01 8.767120933861508036e-02 2.681193147719982850e+00 -2.670661053087029391e+00
2.435991529062935967e+02 8.851244265956170754e-01 9.012408391722405432e-02 -8.252217042429299543e-01 8.764147326938137583e-01
2.550000973333387151e+02 8.906965440084751995e-01 1.004708400031739390e-01 -1.546664610286313968e+00 1.523261983169070577e+00
2.833722894666213392e+02 9.026585110351923458e-01 6.854381794234071235e-02 1.197980632941898715e+00 -1.151818627742460022e+00
2.650215516426237627e+02 8.952238112908047496e-01 6.895013517725051555e-02 1.705738346838545416e+00 -1.651637423592094533e+00
2.433423505799034672e+02 8.849546456258534644e-01 9.557517971664168666e-02 1.101165531532476871e+00 -1.147468651039193599e+00
2.414402591371233200e+02 8.839888666886650537e-01 9.557517971664168666e-02 1.101165531532476871e+00 -1.157961357599583074e+00
2.568281550157244624e+02 8.914073108156028713e-01 8.612564214156485931e-02 -1.640250828106230019e+00 1.682796276069237429e+00
2.440570528555115288e+02 8.850450589837943749e-01 7.174343066441278560e-02 -1.372225210086093494e-01 1.240243180683412577e-01
2.440242944588454179e+02 8.850286248202325901e-01 7.174343066441278560e-02 -1.372225210086093494e-01 1.605361118218232575e-01
2.278154154923746262e+02 8.758787514746017022e-01 7.127101309552764941e-02 1.178086204067732679e+00 -1.122543499376904341e+00
2.504668043016435206e+02 8.881828259718912433e-01 7.747399663079632126e-02 2.483598873306174237e+00 -2.464527130324235316e+00
2.501738793250608524e+02 8.880436485917232448e-01 7.747399663079632126e-02 2.483598873306174237e+00 -2.469053062333497195e+00
2.424969786158510203e+02 8.841279059269979701e-01 8.569293435543595683e-02 1.084946703948974411e+00 -1.053277689000195139e+00
2.557654112950008027e+02 8.905670343777897235e-01 7.714357104535489451e-02 2.471754242035809401e+00 -2.451597624965930144e+00
2.349302192863112282e+02 8.797365825423393293e-01 9.281594634483923689e-02 -1.004361514996385596e+00 1.066017274938276360e+00
2.522334445503374809e+02 8.887554142292777293e-01 1.046235482051909582e-01 1.495379943934102229e+00 -1.540153569085092045e+00
2.555744067024986919e+02 8.903603396328005903e-01 8.950753535872216227e-02 -7.412882882168745358e-01 7.033839542890412133e-01
2.604164643324545523e+02 8.925754639274339208e-01 9.029890013672005333e-02 1.538295070472941672e+00 -1.540358169627967566e+00
2.443788632041091944e+02 8.848226962590026723e-01 1.006918248565273899e-01 -1.811665880468737999e-01 1.623179091390065387e-01
2.465664932382887002e+02 8.859104337964585074e-01 1.006918248565273899e-01 -1.811665880468737999e-01 1.831682789328222261e-01
2.206076144589330283e+02 8.708420611946189327e-01 8.689580958164806745e-02 5.307047597094194380e-01 -5.350615000596705695e-01
2.219867021864058643e+02 8.717035289290296918e-01 8.689580958164806745e-02 5.307047597094194380e-01 -5.853888584681858909e-01
2.390767573677935331e+02 8.821317839341424882e-01 9.711110789625750084e-02 -3.536338115252387060e-01 3.960046380942503497e-01
3.079304068007043611e+02 9.104989962875291720e-01 9.052162454395995539e-02 3.517977367852392033e-03 4.090929665367171175e-02
2.537223490517257289e+02 8.893607901238514968e-01 1.042851159571565323e-01 4.160774896679123036e-01 -3.802121049701451261e-01
2.527975482327130408e+02 8.889262702263808213e-01 6.995046019537463911e-02 -2.984201817675711244e+00 3.046111920936833251e+00
2.355756342085803396e+02 8.797998118133490975e-01 1.042329334183359213e-01 -3.040857488306643930e+00 3.028050648296431113e+00
2.335337773242337676e+02 8.786763563584891745e-01 1.042329334183359213e-01 -3.040857488306643930e+00 3.066724648177395984e+00
2.435005285524032672e+02 8.841791862331700447e-01 8.353521179627339255e-02 -7.415943682089951583e-01 7.036792828584049753e-01
2.298717928761666656e+02 8.764115592526648957e-01 8.674572250818808616e-02 -2.154733258102352611e+00 2.206384611268691565e+00
2.284086879452598566e+02 8.755636666489252651e-01 8.674572250818808616e-02 -2.154733258102352611e+00 2.103231917331924272e+00
2.378162874133766991e+02 8.809834923697440479e-01 9.173575472332787251e-02 1.107484005933305982e+00 -1.143925631131592180e+00
3.106005429309378201e+02 9.110749543290059815e-01 1.002609180306935355e-01 -1.105847329230277731e+00 1.161220856476041785e+00
3.087117529121726989e+02 9.105041538927098888e-01 1.002609180306935355e-01 -1.105847329230277731e+00 1.060627646798799173e+00
2.105969938471476439e+02 8.634763603513511132e-01 7.790646915729473876e-02 1.127277067358295248e+00 -1.103858062278001873e+00
2.080562885934385520e+02 8.616755090624815816e-01 7.790646915729473876e-02 1.127277067358295248e+00 -1.066505581013553305e+00
2.114420130612632818e+02 8.640649039155361422e-01 7.790646915729473876e-02 1.127277067358295248e+00 -1.181081755679382894e+00
2.490675725991332570e+02 8.867695750923318965e-01 8.953289250034844604e-02 3.046382253321334943e+00 -3.057465843479824308e+00
2.125569870321521364e+02 8.648263539720351112e-01 7.209328059357575369e-02 1.824722097598343362e+00 -1.773789006552901615e+00
2.146418327497444238e+02 8.662407664290779907e-01 7.209328059357575369e-02 1.824722097598343362e+00 -1.829961119845789019e+00
2.137370723233718195e+02 8.656306263622117747e-01 7.209328059357575369e-02 1.824722097598343362e+00 -1.795169901121839162e+00
2.331854815079495324e+02 8.780275582243255439e-01 7.777807956816870649e-02 -1.952176059604796565e+00 1.918987555429112701e+00
2.512978315462999888e+02 8.877115176898224824e-01 8.862404975052338985e-02 -2.823782186226929003e+00 2.790284759954146487e+00
2.605232130135854618e+02 8.920720918506347408e-01 9.338255785157237310e-02 -2.339760965000118542e+00 2.339157283044368540e+00
2.590455370912537774e+02 8.914189559017683395e-01 9.338255785157237310e-02 -2.339760965000118542e+00 2.298692497667544465e+00
2.392366223404395384e+02 8.814283206319382113e-01 8.711531885162308864e-02 -5.953885606919248064e-01 5.886337360985548495e-01
2.082160733979409599e+02 8.614342183693380894e-01 8.059105676579149391e-02 -2.965012418722368537e+00 2.961482380511585966e+00
2.661988687060692769e+02 8.944954292430613574e-01 8.855612605558865758e-02 2.683294392009496043e+00 -2.711923417741103570e+00
2.657853666189591308e+02 8.942935300327888859e-01 8.593080695010102410e-02 -2.515059499439206814e+00 2.511062015115397728e+00
2.607931734202673510e+02 8.920279319849045985e-01 7.617150299034670946e-02 -1.094874309968575377e+00 1.090895640510914477e+00
2.509465429663552243e+02 8.875797018230558999e-01 1.008564869561739685e-01 -1.093611475446076620e+00 1.134765524315039409e+00
2.846262783590681806e+02 9.018659310484823388e-01 8.425208106546223930e-02 2.336938093581454989e+00 -2.276919043920824226e+00
2.263364639702282943e+02 8.735647947606496322e-01 8.539561826906212627e-02 -1.232952273556062517e+00 1.238109350590548718e+00
2.528084103480028944e+02 8.881737584041516920e-01 9.694264730285470644e-02 -1.640283090376544461e-01 2.071533547610167059e-01
2.582485274609833255e+02 8.907265367499116460e-01 8.091036878771780405e-02 2.253867330553694259e+00 -2.269201407117467983e+00
2.457685427304132304e+02 8.846256012862515616e-01 9.644503625587647067e-02 -2.061125256799025973e-01 2.409815901759945755e-01
2.478176979753019111e+02 8.856412378944533703e-01 9.644503625587647067e-02 -2.061125256799025973e-01 1.436786714172119117e-01
2.327224705233774955e+02 8.773053496177811716e-01 1.025865926299090736e-01 1.196065948970122417e+00 -1.157892103017041263e+00
2.386699157332094217e+02 8.808024131903285925e-01 9.946208407634110626e-02 1.275561252632078979e+00 -1.264921025759687456e+00
2.153750131941916379e+02 8.661178185956194264e-01 8.787571563881545200e-02 1.393208693496851058e+00 -1.385873389788413013e+00
2.503884243497386421e+02 8.868463870647075309e-01 6.962322135872567319e-02 1.130723707669068823e+00 -1.069723051872000674e+00
2.878831713425446992e+02 9.028477368593106345e-01 9.727835070851417743e-02 -3.364576793656042786e-01 3.278064508285358780e-01
2.392846395269663162e+02 8.809900615656046652e-01 9.670382018124182300e-02 1.966740923304930444e+00 -1.911541677601443778e+00
2.848444526532087480e+02 9.016921818764732643e-01 8.481774833565508542e-02 -1.040566134614611338e+00 9.920202766050528753e-01
2.665338023114156840e+02 8.942925340764241726e-01 1.008264116110205999e-01 -2.196341609200745726e+00 2.240658092877321650e+00
2.393605736231869798e+02 8.809731531724597220e-01 9.252293241643633204e-02 -1.404470600736901220e+00 1.396468467279786241e+00
2.426546202881148986e+02 8.826964158673982208e-01 9.252293241643633204e-02 -1.404470600736901220e+00 1.356487699599068009e+00
2.405207838830672529e+02 8.815858814798758214e-01 9.252293241643633204e-02 -1.404470600736901220e+00 1.385126192435496950e+00
3.008672647802164875e+02 9.073857837735987975e-01 9.101209150507517942e-02 -2.832652367335545041e+00 2.799828712066226188e+00
2.478809140047050050e+02 8.853000764339610251e-01 9.922942493911887651e-02 6.471941723385329359e-01 -6.751871354828861138e-01
2.477489959297859912e+02 8.852350437811995487e-01 9.922942493911887651e-02 6.471941723385329359e-01 -6.685188812354830867e-01
2.594450914126171028e+02 8.909254628237458506e-01 6.818428594488906702e-02 2.284511436977002763e+00 -2.286400500257367518e+00
2.838195091392522045e+02 9.011020428051755848e-01 8.213030352748841578e-02 4.746250654042878658e-02 -3.150095566446341894e-02
