4.938492359771917251e+01 1.703138461072345455e-01 7.424985594925000154e-02 4.432973838177615145e-01 -3.436619043982496624e+00
4.909585291068009383e+01 1.614438530670111172e-01 1.018117777635942911e-01 -1.260162744213510821e+00 -1.779814062592405044e+00
4.966631835143272156e+01 1.764661741032391706e-01 8.292966406057787621e-02 -1.770401715947689469e+00 -1.335815493583732305e+00
4.915022845750295488e+01 1.611744618674322282e-01 8.346307360282487209e-02 2.130241800683588149e+00 -5.164628284554079407e+00
4.937819206806315719e+01 1.671324778927502641e-01 1.031468097704620057e-01 2.594936520506494482e+00 -5.594207396176551050e+00
4.957733782041486137e+01 1.718880047498564378e-01 7.886713416785541553e-02 -1.198566354853850990e+00 4.219089026775050932e+00
4.945883391619629066e+01 1.670628619466004161e-01 1.033870979995524797e-01 -1.715365664536389945e+00 -1.336962518429952063e+00
4.995745467716151467e+01 1.812176048595399713e-01 8.588506474067486574e-02 -1.424136488516606791e+00 4.459218945873575812e+00
4.911318589334031515e+01 1.555711930059873738e-01 1.039620277715383734e-01 -1.080570823041697048e+00 4.129833128032954548e+00
4.956093851848006437e+01 1.678199159435258270e-01 1.010775981065209633e-01 -2.597331911422268380e+00 -5.013169459597470734e-01
4.957712936220548272e+01 1.687628675445602966e-01 1.010775981065209633e-01 -2.597331911422268380e+00 -4.415044161576551218e-01
4.995592191601349441e+01 1.792197736867123248e-01 9.379695491782924499e-02 -2.415994839610620115e+00 -6.119975936627164437e-01
4.913537430050131860e+01 1.543450664175256559e-01 6.836193223926445572e-02 -2.139946005496740522e+00 5.196336842735901129e+00
4.911219282616447401e+01 1.529630865093156433e-01 8.283426699521974357e-02 6.522422157329674786e-01 -3.747843267346006257e+00
4.884545837195844342e+01 1.440706358451820379e-01 9.833586508822984851e-02 -1.814278547663281893e+00 -1.359472374368049463e+00
4.954118452881513690e+01 1.646076170810544526e-01 8.821969410107682874e-02 1.348868663422306158e+00 -4.470398374952330833e+00
4.918213817358562068e+01 1.530642215419683039e-01 1.059083360025503961e-01 -4.349926144775742021e-01 -2.596257735734339711e+00
5.005908069112699366e+01 1.791054687205688722e-01 9.008981582468417182e-02 -1.989115955462651408e+00 -9.955476300916121790e-01
4.961052203748148060e+01 1.637045423055266957e-01 8.390278299794895478e-02 -7.006154468432923554e-01 -2.325643275801586807e+00
5.021153212983654157e+01 1.803579708586798835e-01 7.488894035748182298e-02 -2.219455315843749332e+00 5.345158406269463924e+00
5.081384048374758322e+01 1.970886616641658040e-01 9.855073452085955088e-02 -9.863170423255935848e-01 3.999020638098293556e+00
5.082776043203322303e+01 1.977553226345234727e-01 9.855073452085955088e-02 -9.863170423255935848e-01 3.972806672190845934e+00
4.980402192585972898e+01 1.665993062427839344e-01 9.811819242488832582e-02 1.140855711637776881e+00 -4.255430842989566642e+00
5.086335949793502920e+01 1.922624600955998853e-01 7.303153513110288708e-02 1.987853789888291312e+00 -5.029069093745883734e+00
5.029320998831265399e+01 1.752485985977098037e-01 1.027628386561906526e-01 -7.838364490529399209e-01 3.801168533984464748e+00
5.006956552987304576e+01 1.676287729954853700e-01 1.012969174578510628e-01 -3.058680058939805324e+00 6.108228221416317716e+00
5.003501141797821106e+01 1.645726674691906088e-01 9.909187738930895495e-02 8.560688547485119093e-01 2.249875043525253915e+00
5.051657000749705873e+01 1.781938974680658261e-01 9.633123178630018102e-02 -4.960031431858030193e-01 3.578883006816862888e+00
4.994189329296487045e+01 1.604688208729864174e-01 1.032240448371853636e-01 -2.320227369279460827e+00 5.417373243719609377e+00
5.025317542844828012e+01 1.661017484630615271e-01 7.655880246265996114e-02 -9.391405880543704510e-02 -2.953113598948903906e+00
5.055138197062209571e+01 1.739699438356792915e-01 7.083445670737410771e-02 -1.079821634052566148e+00 4.115945549343948073e+00
5.083750225992122296e+01 1.779511053280316557e-01 9.425390162140623307e-02 -1.903493630095089317e+00 -1.140605684309733636e+00
5.058700811597326918e+01 1.693930992045443173e-01 7.535632732407902823e-02 -6.154917889452459212e-01 3.651586180534123649e+00
5.084734798545735401e+01 1.766860794895641906e-01 6.828393031337015584e-02 2.992951770762890984e+00 -6.075701762628017200e+00
5.074975103338280746e+01 1.727068682986683257e-01 8.141013340867125914e-02 -2.199657742169382146e+00 5.219339858771389729e+00
5.124664338794785579e+01 1.850602046255776234e-01 1.031156146111534971e-01 -5.315291977984142324e-01 3.570807235836726434e+00
5.057975325007005551e+01 1.651510712187335417e-01 9.610514692194280228e-02 2.621013039184921123e+00 -5.640371660341678250e+00
5.122339195749344753e+01 1.811716831324465538e-01 7.805566099657351709e-02 1.226180609863564586e+00 1.840022085468894453e+00
5.026214520056626611e+01 1.532005886178641196e-01 8.859198362590209319e-02 1.267028047566908233e+00 1.769179823427651677e+00
5.146379068606126594e+01 1.860468605712168044e-01 1.061608051024294230e-01 -1.043263923336734011e+00 -2.063765463161814750e+00
5.037344386689243692e+01 1.547892067215233813e-01 9.817883234067892317e-02 1.132990193330054129e+00 1.893113140802020311e+00
5.092986017888979688e+01 1.702630592585715197e-01 8.348766349626343675e-02 -1.623691181561271124e+00 -1.422212582945108439e+00
5.070435368816529831e+01 1.632602976044331688e-01 8.480778307907747837e-02 -7.820039672874233849e-01 3.883765929581786569e+00
5.133719745364977172e+01 1.809348210755858943e-01 1.060976735307674057e-01 -1.923972678782051249e+00 5.099430611917280309e+00
5.084018034497076144e+01 1.661395372563396200e-01 8.237844719059725374e-02 -1.723755349689945371e+00 4.869772363177347074e+00
5.192099823380451085e+01 1.961873945886501436e-01 6.824075482424535322e-02 2.669841415297750320e+00 -5.661242304713699269e+00
5.073581336670783770e+01 1.617854185336500827e-01 7.063440864981761214e-02 -4.329944853993807768e-02 -3.054656428364091791e+00
5.184741548972349534e+01 1.928886967542310094e-01 9.847518627651540013e-02 -8.155545403305526353e-01 3.847818212636786583e+00
5.101719431709931030e+01 1.673789693231405307e-01 1.014613024000880354e-01 1.856136762140100593e+00 1.237880817538458578e+00
5.140583056908094051e+01 1.764598356778766530e-01 6.946821475456199657e-02 2.999194049449773303e+00 1.096262870619235663e-01
5.149901030395930235e+01 1.776146028945049526e-01 1.017153142977885588e-01 2.902613920841221606e+00 -6.016464606031359352e+00
5.111670341345086399e+01 1.661806817090226984e-01 7.869154112203452511e-02 -1.714235793978948985e+00 -1.347693898315983407e+00
5.119257600451894774e+01 1.678283107838661192e-01 7.914320154763936077e-02 1.110363324610666586e-01 -3.114435065848782269e+00
5.233676603490707890e+01 1.980873603596606525e-01 7.508963887954879513e-02 -1.065991490786527551e+00 4.139672705188326418e+00
5.119858808208059742e+01 1.658641748613732814e-01 7.851249635305140862e-02 -1.480492133327172555e+00 4.471563024748245851e+00
5.142151098511256890e+01 1.704250677081243781e-01 9.557967640931304409e-02 -1.055456280853911410e+00 4.170986795851269413e+00
5.161623387987578582e+01 1.761112099753881222e-01 9.069521457777753037e-02 -3.121729025120821621e+00 8.211291729471970058e-02
5.160164405657953068e+01 1.753316514053371578e-01 9.069521457777753037e-02 -3.121729025120821621e+00 6.249445288053457226e+00
5.204386775411931865e+01 1.860706709537986725e-01 7.746720893978238653e-02 -1.298562388415966717e+00 4.347914588562393767e+00
5.167352603172069792e+01 1.750152579910849715e-01 8.738311083664211665e-02 -7.208722290259876875e-01 3.777467654000198571e+00
5.176988745225050792e+01 1.766472290903713660e-01 9.030279534919175011e-02 2.905662645927720611e+00 -6.119633403860506249e+00
5.148198854695901616e+01 1.683206312658350468e-01 8.436156816929327174e-02 2.719314447918488753e+00 3.540452858273148706e-01
5.125541050707948187e+01 1.618691040763401701e-01 6.902587420348541003e-02 7.973949564967766634e-02 -3.066708180228380431e+00
5.121603265665791582e+01 1.602399118520777266e-01 8.801207753915954446e-02 -1.352474453294465251e+00 -1.696086529145247379e+00
5.172965476626884396e+01 1.732195990316763301e-01 9.044624287664529416e-02 1.001725516886231571e-01 3.066395413596056496e+00
5.212369708775838006e+01 1.835684251980023440e-01 1.054455239163908792e-01 2.520158393963324084e+00 6.079016185413865792e-01
5.196990266693233451e+01 1.790088997559447781e-01 1.012931747349026107e-01 -1.389618206708276071e+00 -1.728592410014984981e+00
5.187706577581489142e+01 1.765633871043452430e-01 1.017705308546687504e-01 1.378264970353571817e-01 2.874761349067292304e+00
5.135728740061107089e+01 1.603275386329673369e-01 9.423501635289424638e-02 1.063575354251599769e+00 1.998967168996824029e+00
5.259938405178766629e+01 1.950070627212605323e-01 7.758862565680497980e-02 2.861464558778767930e+00 1.528460337774015798e-01
5.160712206281436210e+01 1.673320921443816056e-01 7.861941385295165285e-02 -2.610640799657864886e+00 5.600521779133516453e+00
5.258500344155567774e+01 1.926537084817324941e-01 7.189194182575683878e-02 -8.199543182452438961e-01 3.894786087240370787e+00
5.243753222589216278e+01 1.891357361609395660e-01 7.201359340754047433e-02 8.085559752703496139e-01 2.206184438320327068e+00
5.200631619755378665e+01 1.752309478480779670e-01 1.020397293522500165e-01 -5.494447449815045292e-01 3.563242311605521184e+00
5.184786433170073394e+01 1.699541807731024812e-01 9.218244696221317147e-02 1.971809661280580661e+00 1.022979192260820902e+00
5.290497616035513317e+01 1.982519231219634082e-01 7.810313357507168985e-02 1.530470621359967254e+00 -4.609246754447740457e+00
5.216370528830653797e+01 1.772675817778056051e-01 8.938206608064128145e-02 3.047490100678054592e+00 -5.544326846193081693e-02
5.191739143070675055e+01 1.700297401301511802e-01 8.118995798959927068e-02 -2.563578993089293601e+00 -4.662379247421473139e-01
5.244123757799236074e+01 1.844083352936515818e-01 7.429244053257583191e-02 -1.346486685052491916e+00 4.426064763480938247e+00
5.243760711889946435e+01 1.832058877839307376e-01 9.006397842046071078e-02 -2.953518185450601172e-02 3.083955073779198308e+00
5.294149791051012954e+01 1.962657262040465034e-01 8.273331497748356855e-02 -1.003788437714202120e+00 -2.001946710683076169e+00
5.330170074084275456e+01 2.037404071120066107e-01 8.157695812341823893e-02 2.093641650105143359e+00 9.671332547305659944e-01
5.294515474763731788e+01 1.924178078178816753e-01 7.483038422343155083e-02 2.737407948910588917e+00 -5.939682458402135268e+00
5.247232891484387096e+01 1.785242813348467961e-01 1.052168656831926896e-01 2.803556391085215260e+00 -5.858634951982627292e+00
5.292226491194531235e+01 1.899432739296514627e-01 8.269023330097888258e-02 9.238929268188783572e-01 2.221284989246369079e+00
5.335340476199406368e+01 1.996647725688475705e-01 8.696708065146455113e-02 1.336871747586352965e+00 1.761154335049183395e+00
5.335041827373714085e+01 1.995301338932814750e-01 8.696708065146455113e-02 1.336871747586352965e+00 -4.403555669670993211e+00
5.162141883314149027e+01 1.514025103090141655e-01 8.105928077184743064e-02 1.674368461016971565e+00 1.412700237089464350e+00
5.230155065148096583e+01 1.715543473680865016e-01 7.415554143855807023e-02 -6.962146415442006520e-01 3.722422930486466441e+00
5.264901559164282929e+01 1.789858992395937654e-01 8.547962904354763913e-02 1.647373872136601136e+00 1.402915969619769943e+00
5.243540835625960028e+01 1.727092093979491483e-01 7.040405942721039700e-02 -3.622536145748969649e-01 3.400208279374840270e+00
5.237147791631905847e+01 1.705148322693778307e-01 7.097300540114000189e-02 2.215881452094346393e+00 8.945984348959736820e-01
5.207909160161162276e+01 1.613361598858475965e-01 9.651800809778524060e-02 -1.387701603436646502e+00 4.561216395182310812e+00
5.276367607068946342e+01 1.799410637368910881e-01 1.063593279475892883e-01 2.163446620540695697e+00 -5.203202992396281701e+00
5.228063411195720533e+01 1.652306963476914414e-01 8.179941906534315965e-02 1.123199625931093681e+00 -4.260172099481400743e+00
5.330693529382677553e+01 1.926037736968183867e-01 1.003440319718201801e-01 -1.817940485776237347e+00 -1.307580418185147364e+00
5.213258687245659218e+01 1.598583731318161671e-01 1.020991456841901096e-01 -7.275588236183264113e-02 3.180896221533366486e+00
5.303201121783856564e+01 1.844202612392312479e-01 7.233953005740002828e-02 7.690906100827689107e-01 -3.813474510223387792e+00
5.348011782454857155e+01 1.957883016626451311e-01 9.309017032535771285e-02 9.868117410602489370e-01 -4.183145464225369814e+00
5.303951814802572073e+01 1.834472544854638953e-01 8.521314877331805093e-02 1.946290221018626587e+00 1.175502359156458621e+00
5.239872658090811086e+01 1.657920402929114190e-01 8.009685965696246301e-02 -1.540340734544105361e+00 4.529359496406153873e+00
5.292912875413931317e+01 1.776479125108094692e-01 7.848644526043116465e-02 -1.183914015053311397e+00 4.282761696571602883e+00
5.294678801629969200e+01 1.787511490812966897e-01 9.564846375964779213e-02 2.815231171597453938e-02 2.998017679458488516e+00
5.304201301956885573e+01 1.807612002937021567e-01 7.581888746764606224e-02 -5.280035928642148324e-01 -2.511470901002222700e+00
5.249528770314743298e+01 1.647770192984594761e-01 8.397964647677447214e-02 -1.101884085746755781e+00 4.213708316871870529e+00
5.292698335070439697e+01 1.761893431664600940e-01 8.978768795531520686e-02 6.818212357064795670e-01 2.302828436447261318e+00
5.259037862407237895e+01 1.652300020856945495e-01 6.867352382206673433e-02 -1.175078617096112776e-01 -3.021882618734753834e+00
5.370023236481330287e+01 1.949687830268912458e-01 8.879252229490430803e-02 -1.152067071492846262e+00 -1.975514449660624283e+00
5.305432466573994077e+01 1.767753539067599966e-01 8.523069535833811827e-02 1.133239561057158840e+00 -4.325597343918101245e+00
5.305494400105997954e+01 1.768073370334979078e-01 8.523069535833811827e-02 1.133239561057158840e+00 -4.309347048643410005e+00
5.330913364850461988e+01 1.844019464965265254e-01 9.793032289089334541e-02 -6.253867563400448137e-01 -2.359636501195870206e+00
5.386214133968116613e+01 1.989975477698027462e-01 9.804570924344818694e-02 -1.402981730862018717e+00 -1.588156547403136054e+00
5.424811203708038931e+01 2.076729722136251011e-01 9.008123345975177498e-02 1.578860783185933592e+00 -4.688149581108930875e+00
5.307991600028189083e+01 1.767857018658565704e-01 7.210443621380908941e-02 1.396237920891720385e+00 1.644243226468365293e+00
5.307802568282623668e+01 1.766880966456791935e-01 7.210443621380908941e-02 1.396237920891720385e+00 -4.574749916700717733e+00
5.322345170627097133e+01 1.794352878154359676e-01 8.163103253578589402e-02 -6.500147174087562707e-01 -2.422724474605036260e+00
5.351052219393048404e+01 1.850805094853771593e-01 8.835187919378925669e-02 1.260383911409948210e+00 -4.461366012581995832e+00
5.345829629477032796e+01 1.837722231876039169e-01 8.419565974107957873e-02 -2.812459701532558753e+00 -2.497347207742373065e-01
5.266943475641869554e+01 1.582466798748205228e-01 8.857459716383994652e-02 -1.014443125048862138e+00 4.009097665523075449e+00
5.267875058224598206e+01 1.577933929420867187e-01 7.237193862888775808e-02 3.121538495549277314e+00 -2.046357421697431178e-02
5.422607956292306142e+01 1.990090612532430248e-01 8.371132675792584965e-02 -2.077134078208404677e+00 -9.531588013176381935e-01
5.375099719087133820e+01 1.844011131372577383e-01 6.989996401570386375e-02 1.525378132076645965e+00 -4.537501884090205273e+00
5.261439952150043098e+01 1.524872214611587284e-01 7.884861270481245688e-02 -1.055444624621364236e+00 4.058995346887877886e+00
5.285715651428152739e+01 1.576941434065155800e-01 8.067937839274877398e-02 2.049793109680146053e+00 1.030773758330704837e+00
5.437897387516671444e+01 1.976115442952320889e-01 9.882524865578178053e-02 8.074835153947721444e-01 2.285495512146287655e+00
5.402576034007257988e+01 1.876813371758854765e-01 9.449505820495679442e-02 1.034638644925651274e+00 -4.103776353031268975e+00
5.409008041708114689e+01 1.888119780894100541e-01 9.093429001427325020e-02 9.100217519348641204e-01 -4.054801860427927451e+00
5.356129991103321686e+01 1.746202742264472696e-01 8.776034051668143987e-02 -8.334824650285164171e-01 3.881573515430615906e+00
5.386001154558193349e+01 1.808018488587831984e-01 8.041597480979703616e-02 2.810721858607271972e+00 -5.937492663307601504e+00
5.379282254228002813e+01 1.775828556341601527e-01 1.005186151134150330e-01 -1.648208003522156462e+00 -1.411434733569006506e+00
5.395503397795061318e+01 1.807111838217306254e-01 7.478647928973124193e-02 3.999729628089082611e-01 -3.458114240562332853e+00
5.357102446798503337e+01 1.698646336576853932e-01 1.015544685641447675e-01 -1.188754461771940329e+00 -1.896887198889993131e+00
5.321107420447027891e+01 1.595165299091549915e-01 8.184483603978330579e-02 -1.025372935563593879e+00 4.139322594299974512e+00
5.451798999722582550e+01 1.936304594345060470e-01 1.030543836018551207e-01 3.367490604459471570e-01 2.706681652923755177e+00
5.450237081338551093e+01 1.924132959943975207e-01 9.746203350430197865e-02 -2.994967672067664566e+00 -1.020630301739107182e-01
5.455985608503475959e+01 1.950320151953279513e-01 9.746203350430197865e-02 -2.994967672067664566e+00 9.883648590622851060e-03
5.433928658635139897e+01 1.862110733766325077e-01 9.357953301880067576e-02 2.274386405836207548e+00 8.218331583559543851e-01
5.436363657738890254e+01 1.873684666980347524e-01 9.357953301880067576e-02 2.274386405836207548e+00 7.560754755147969242e-01
5.544228598908343741e+01 2.133587343292963623e-01 1.044533811957215619e-01 2.287435408921521418e+00 -5.419865556069010992e+00
5.383706412545815567e+01 1.718266574986687667e-01 1.041917431339067224e-01 1.931551041195245233e-01 -3.283808298809574922e+00
5.430689654193208327e+01 1.840256091750771539e-01 8.528829993889459893e-02 6.952356338407279512e-01 -3.766718766048346101e+00
5.337488772570831230e+01 1.582137785238537930e-01 1.036222001631368211e-01 1.397245569477452154e-01 2.906906516059811540e+00
5.434953902403501047e+01 1.851031862157505870e-01 1.050194293604809204e-01 5.186234482669657142e-01 -3.581136398305862389e+00
5.481334616304314977e+01 1.962525446936344287e-01 7.062830563863485567e-02 -1.855387541256013018e+00 4.882433508100630704e+00
5.482975042216915540e+01 1.929449885663842290e-01 9.418071457531006219e-02 -5.101594139436695929e-01 3.560422714023540269e+00
5.472853256037744529e+01 1.900134156307666800e-01 9.012408391722405432e-02 -8.252217042429299543e-01 3.900516307160515339e+00
5.459672517768960631e+01 1.864751101837539282e-01 1.004708400031739390e-01 -1.546664610286313968e+00 4.614893731165826019e+00
5.462786704429948514e+01 1.864676781935528660e-01 8.256470262592091602e-02 2.592813584475998634e-01 -3.273224425492930578e+00
5.460069153145656884e+01 1.851750169488856068e-01 8.256470262592091602e-02 2.592813584475998634e-01 2.857080377946803029e+00
5.435133751064412877e+01 1.784147497107337610e-01 9.395900724542151361e-02 -1.335336218330119007e-01 3.267607557451380540e+00
5.435570100319407061e+01 1.786324276098877895e-01 9.395900724542151361e-02 -1.335336218330119007e-01 3.219859530305386297e+00
5.545762887228934090e+01 2.064281790586126319e-01 7.988568156325741298e-02 -2.266789301167115855e+00 -8.527411693618445199e-01
5.467801583059264914e+01 1.866295620827400081e-01 8.106002516503002520e-02 2.098090187663861794e+00 8.876549030691212039e-01
5.564310865154810415e+01 2.099774063653232492e-01 1.061682739213226367e-01 -8.197405869942006040e-01 -2.285876568497697825e+00
5.571131561920962838e+01 2.118814129390887702e-01 1.054171309197471651e-01 -1.266869933809194049e-01 -2.925044485499525226e+00
5.483715699864989546e+01 1.894181042487650402e-01 8.821024580213691901e-02 -4.487966898699660701e-02 3.060361947480366052e+00
5.524718777090874511e+01 1.997584137400992832e-01 7.162536698293398008e-02 -2.457614195483179831e+00 5.539671701242415480e+00
5.523959002833112919e+01 1.994276074761472950e-01 7.162536698293398008e-02 -2.457614195483179831e+00 5.566219476174009806e+00
5.483315444404376393e+01 1.886661022942433541e-01 7.747399663079632126e-02 2.483598873306174237e+00 6.396040627743877494e-01
5.459099827480379474e+01 1.822936294349518094e-01 9.854596431022137615e-02 -1.238453134509533315e+00 4.265267591835844030e+00
5.459458583207742777e+01 1.824677953214909609e-01 9.854596431022137615e-02 -1.238453134509533315e+00 4.256023738703156312e+00
5.419948859721488077e+01 1.713341172904176424e-01 8.588896918627784982e-02 -1.142321096594573371e+00 -1.929748599289086153e+00
5.573775900001563599e+01 2.107688635873204708e-01 9.728841157950560148e-02 -3.341469508924189147e-01 3.352448951493354645e+00
5.547129831150478907e+01 2.039317232523696344e-01 1.030519430947716697e-01 1.813186426454322486e+00 -4.963963092001185018e+00
5.531667098947601602e+01 2.001949776972960504e-01 9.521587308326755206e-02 1.283001558900049632e+00 -4.368466051850219856e+00
5.531646076696744529e+01 2.001858662478465944e-01 9.521587308326755206e-02 1.283001558900049632e+00 -4.368996177694149274e+00
5.503129169645219321e+01 1.925418518160292580e-01 8.397731941321179283e-02 -1.786522135590898452e+00 4.858867159804590052e+00
5.526082445722367709e+01 1.973234802678552890e-01 9.281594634483923689e-02 -1.004361514996385596e+00 -2.004185765178565060e+00
5.520272082921877654e+01 1.956838242118865145e-01 9.338467432501636190e-02 -1.644796961792541312e+00 4.667592684862236219e+00
5.499244351639993056e+01 1.904533651907489855e-01 1.046235482051909582e-01 1.495379943934102229e+00 -4.501520619339101970e+00
5.517866510376211409e+01 1.937748450523567867e-01 9.359027919626891623e-02 1.890998523610418203e-01 3.001708703031098047e+00
5.464284092731178788e+01 1.789896248678756741e-01 9.208002083905234003e-02 -2.056338355037683474e+00 -1.045578273334759167e+00
5.565580128483861699e+01 2.047908677940427358e-01 8.831555454016978834e-02 3.005114923927467263e+00 6.979013403038480945e-02
5.511796593221842500e+01 1.909036713464824508e-01 9.027040211366946232e-02 -2.908060622154256869e+00 5.961171329162917587e+00
5.615215276635959185e+01 2.149600058933826274e-01 7.223930164208267057e-02 -1.019934900029916713e+00 -1.966422633469287806e+00
5.605244729340007837e+01 2.120730390751162653e-01 7.058145784654072663e-02 -2.281934299493495466e+00 -7.942112851989544531e-01
5.429170974915625436e+01 1.666333114273563787e-01 1.002609180306935355e-01 -1.105847329230277731e+00 -1.880533544880800934e+00
5.521630463961268731e+01 1.900585375405807187e-01 7.392526413632793947e-02 -1.612393001855571883e+00 -1.477746598936689360e+00
5.517063261030212118e+01 1.879861077376843437e-01 8.092973273486410435e-02 1.257031652238100650e+00 1.883517295431961225e+00
5.459080004999877644e+01 1.715598845012734075e-01 8.524083992485256833e-02 3.043576357103907615e+00 1.591537438660042270e-01
5.632295151168312941e+01 2.155783098639602324e-01 8.059105676579149391e-02 -2.965012418722368537e+00 6.068412988626485927e+00
5.506231037099141901e+01 1.835475212280577029e-01 8.855612605558865758e-02 2.683294392009496043e+00 -5.722901503179945948e+00
5.504012026609527908e+01 1.824831844387356239e-01 8.855612605558865758e-02 2.683294392009496043e+00 4.049198601620793703e-01
5.441668664091783825e+01 1.659272173084178903e-01 9.667053643496603677e-02 8.966086665857441185e-01 -3.904788241443632568e+00
5.616441107384461162e+01 2.098889476955818345e-01 8.271816973314548294e-02 -2.757045216967974888e+00 -3.378361697796830043e-01
5.616878084068967780e+01 2.100660377505589871e-01 8.271816973314548294e-02 -2.757045216967974888e+00 5.843304407721928051e+00
5.530521701919624888e+01 1.880214068734459565e-01 1.055197965578728719e-01 2.933238991377280058e+00 9.999176553967714653e-02
5.510340685857536869e+01 1.809345005438340037e-01 8.061884288622198080e-02 2.733994506639608524e+00 3.296547065418429234e-01
5.558552747039082931e+01 1.933866260963523209e-01 9.946208407634110626e-02 1.275561252632078979e+00 1.712203153281912638e+00
5.568031067037480142e+01 1.955241137988251443e-01 7.578704364050520281e-02 1.676132843072611345e-01 -3.305462269999693614e+00
5.552456283318744568e+01 1.919085937893353355e-01 8.467388260281227819e-02 -1.847941219681199287e+00 4.862809631620073070e+00
5.566148220167778504e+01 1.940547237205473285e-01 9.670382018124182300e-02 1.966740923304930444e+00 1.112829263252953949e+00
5.568161463705422420e+01 1.938345647171799691e-01 9.252293241643633204e-02 -1.404470600736901220e+00 4.425552387242766450e+00
5.565471477106929399e+01 1.920166034134873356e-01 9.922942493911887651e-02 6.471941723385329359e-01 -3.754739191328515968e+00
5.553488062877295306e+01 1.892853914540805205e-01 1.031232257140101694e-01 -2.540068136677474886e+00 -4.604598591217605730e-01
